"Id","CanonicalKey","Block","Address","Role","Type","UserUnits","InternalUnits","NewWorkbookDefault","RuntimeDefault","Activity","Consumers","ExpectedEffect","TestId","Evidence","CoverageStatus","ValidRange","RangeReview","MutationEvidence"
"General.ExecutionReportEnabled",,"rngSystemSettings","Config!B5","UserInput","list","-","PendingPerFieldReview","Yes","PendingCallSiteReview","PendingPerKeyActiveInactiveReview","CSystemSettingsReader -> settings consumers","PendingDirectedBehaviorTest","NotRun","NotRun","Inventoried:BehaviorNotAccepted",,,
"General.NonCriticalMessagesEnabled",,"rngSystemSettings","Config!B6","UserInput","list","-","PendingPerFieldReview","Yes","PendingCallSiteReview","PendingPerKeyActiveInactiveReview","CSystemSettingsReader -> settings consumers","PendingDirectedBehaviorTest","NotRun","NotRun","Inventoried:BehaviorNotAccepted",,,
"General.WorstCombinationCriterion",,"rngSystemSettings","Config!B7","UserInput","Enum","-","-","StrengthCapacity","StrengthCapacity при отсутствующем optional API key; явный пустой/unknown не подменяется.","Выбор governing LC после запрошенных проверок","Config -> CSystemSettingsReader -> CBatchSectionCalculator.ApplySettings/SelectWorst -> CCombinationResult.ReserveForCriterion -> CBatchResultWriter","Каждый вариант выбирает LC по собственному независимому reserve oracle; actual summary совпадает","modTestBatchCalculation.TestAudit03WorstCriterionConfig","docs/regression/Audit03/worst_criterion_positive_v71_2026-10-02.txt; docs/regression/Audit03/config_units_full_off_v71_2026-10-02.txt; docs/regression/Audit03/config_units_full_on_v71_2026-10-02.txt","ActiveBehaviorAccepted:FullRangeReviewNotComplete","StrengthStrain / StrengthCapacity / Cracks / Stability","Все четыре значения, invalid/recovery и зависимый writer проверены; остальные interaction tests сохраняются отдельными gates.",
"General.DiagramExtension",,"rngSystemSettings","Config!B8","UserInput","list","-","PendingPerFieldReview","Yes","PendingCallSiteReview","PendingPerKeyActiveInactiveReview","CSystemSettingsReader -> settings consumers","PendingDirectedBehaviorTest","NotRun","NotRun","Inventoried:BehaviorNotAccepted",,,
"Calculation.ZeroMomentPerDepth",,"rngSystemSettings","Config!B9","UserInput","TextOrNumber:PendingContractReview","tf*m/mm","PendingPerFieldReview","0.0005","PendingCallSiteReview","PendingPerKeyActiveInactiveReview","CSystemSettingsReader -> settings consumers","PendingDirectedBehaviorTest","NotRun","NotRun","Inventoried:BehaviorNotAccepted",,,
"Geometry.Source",,"rngSystemSettings","Config!B12","UserInput","list","-","PendingPerFieldReview","Generated","PendingCallSiteReview","PendingPerKeyActiveInactiveReview","CSystemSettingsReader -> settings consumers","PendingDirectedBehaviorTest","NotRun","NotRun","Inventoried:BehaviorNotAccepted",,,
"Geometry.Type",,"rngSystemSettings","Config!B13","UserInput","list","-","PendingPerFieldReview","RectSet","PendingCallSiteReview","PendingPerKeyActiveInactiveReview","CSystemSettingsReader -> settings consumers","PendingDirectedBehaviorTest","NotRun","NotRun","Inventoried:BehaviorNotAccepted",,,
"Mesh.StepX",,"rngSystemSettings","Config!B14","UserInput","TextOrNumber:PendingContractReview","mm","PendingPerFieldReview","50","PendingCallSiteReview","PendingPerKeyActiveInactiveReview","CSystemSettingsReader -> settings consumers","PendingDirectedBehaviorTest","NotRun","NotRun","Inventoried:BehaviorNotAccepted",,,
"Mesh.StepY",,"rngSystemSettings","Config!B15","UserInput","TextOrNumber:PendingContractReview","mm","PendingPerFieldReview","50","PendingCallSiteReview","PendingPerKeyActiveInactiveReview","CSystemSettingsReader -> settings consumers","PendingDirectedBehaviorTest","NotRun","NotRun","Inventoried:BehaviorNotAccepted",,,
"Mesh.BoundarySubdivisions",,"rngSystemSettings","Config!B16","UserInput","TextOrNumber:PendingContractReview","шт","PendingPerFieldReview","1","PendingCallSiteReview","PendingPerKeyActiveInactiveReview","CSystemSettingsReader -> settings consumers","PendingDirectedBehaviorTest","NotRun","NotRun","Inventoried:BehaviorNotAccepted",,,
"Load.ReferenceOffsetX",,"rngSystemSettings","Config!B17","UserInput","TextOrNumber:PendingContractReview","mm","PendingPerFieldReview","0","PendingCallSiteReview","PendingPerKeyActiveInactiveReview","CSystemSettingsReader -> settings consumers","PendingDirectedBehaviorTest","NotRun","NotRun","Inventoried:BehaviorNotAccepted",,,
"Load.ReferenceOffsetY",,"rngSystemSettings","Config!B18","UserInput","TextOrNumber:PendingContractReview","mm","PendingPerFieldReview","0","PendingCallSiteReview","PendingPerKeyActiveInactiveReview","CSystemSettingsReader -> settings consumers","PendingDirectedBehaviorTest","NotRun","NotRun","Inventoried:BehaviorNotAccepted",,,
"Solver.Method",,"rngSystemSettings","Config!B22","UserInput","Enum","-","-","Newton","Newton if absent","All equilibrium solves","CSystemSettingsReader -> CSectionSolver.ApplySettings -> Solve","Newton calls tangent iteration; Secant uses independent secant branch","modTestSectionSolver.TestAudit03SolverSettingEffects","docs/regression/Audit03/solver_effects_units_positive_v50_2026-10-02.txt; docs/regression/Audit03/full_no_v68_2026-10-02.txt; docs/regression/Audit03/full_yes_v68_2026-10-02.txt; docs/regression/Audit03/config_units_full_off_v71_2026-10-02.txt; docs/regression/Audit03/config_units_full_on_v71_2026-10-02.txt","ActiveBehaviorAccepted:FullRangeReviewNotComplete","Newton / Secant","Unknown method rejected; unit-sign issue not applicable","docs/regression/Audit03/solver_method_mutation_v48b_2026-10-02.txt"
"Solver.MaxIterations",,"rngSystemSettings","Config!B23","UserInput","Long","шт","count","80","80","All equilibrium solves; Capacity has its own iteration override","CSystemSettingsReader -> CSectionSolver.ApplySettings -> Solve","1 stops before equilibrium; 4 completes linear task","modTestSectionSolver.TestAudit03SolverSettingEffects","docs/regression/Audit03/solver_effects_units_positive_v50_2026-10-02.txt; docs/regression/Audit03/full_no_v68_2026-10-02.txt; docs/regression/Audit03/full_yes_v68_2026-10-02.txt; docs/regression/Audit03/config_units_full_off_v71_2026-10-02.txt; docs/regression/Audit03/config_units_full_on_v71_2026-10-02.txt","ActiveBehaviorAccepted:FullRangeReviewNotComplete","integer > 0","0 rejected; noninteger/overflow reader evidence separate",
"Solver.LoadSteps",,"rngSystemSettings","Config!B24","UserInput","Long","шт","count","1","5","All equilibrium solves; Capacity uses BaseLoadSteps","CSystemSettingsReader -> CSectionSolver.ApplySettings -> Solve","1 versus 4 completed stages and actual Newton call count","modTestSectionSolver.TestAudit03SolverSettingEffects","docs/regression/Audit03/solver_effects_units_positive_v50_2026-10-02.txt; docs/regression/Audit03/full_no_v68_2026-10-02.txt; docs/regression/Audit03/full_yes_v68_2026-10-02.txt; docs/regression/Audit03/config_units_full_off_v71_2026-10-02.txt; docs/regression/Audit03/config_units_full_on_v71_2026-10-02.txt","ActiveBehaviorAccepted:FullRangeReviewNotComplete","integer > 0","0 rejected; noninteger/overflow reader evidence separate",
"Solver.ToleranceN",,"rngSystemSettings","Config!B25","UserInput","Double","tf","N","0.0001","1 internal N before optional unit conversion","N residual acceptance","CSystemSettingsReader -> CSectionSolver.ApplySettings -> Solve","Loose tolerance accepts zero plane; strict tolerance solves N residual","modTestSectionSolver.TestAudit03SolverSettingEffects","docs/regression/Audit03/solver_effects_units_positive_v50_2026-10-02.txt; docs/regression/Audit03/full_no_v68_2026-10-02.txt; docs/regression/Audit03/full_yes_v68_2026-10-02.txt; docs/regression/Audit03/config_units_full_off_v71_2026-10-02.txt; docs/regression/Audit03/config_units_full_on_v71_2026-10-02.txt","ActiveBehaviorAccepted:FullRangeReviewNotComplete","> 0","Нулевое/отрицательное значение отклоняется до solve; CUnitSystem не скрывает знак. Negative v49 и v67, positive v50 и v64; все четыре consumers и full v68 проверены.",
"Solver.ToleranceMx",,"rngSystemSettings","Config!B26","UserInput","Double","tf*m","N*mm","0.0001","1000 internal N*mm before optional unit conversion","Mx residual acceptance","CSystemSettingsReader -> CSectionSolver.ApplySettings -> Solve","Loose tolerance accepts zero plane; strict tolerance solves Mx residual","modTestSectionSolver.TestAudit03SolverSettingEffects","docs/regression/Audit03/solver_effects_units_positive_v50_2026-10-02.txt; docs/regression/Audit03/full_no_v68_2026-10-02.txt; docs/regression/Audit03/full_yes_v68_2026-10-02.txt; docs/regression/Audit03/config_units_full_off_v71_2026-10-02.txt; docs/regression/Audit03/config_units_full_on_v71_2026-10-02.txt","ActiveBehaviorAccepted:FullRangeReviewNotComplete","> 0","Нулевое/отрицательное значение отклоняется до solve; CUnitSystem не скрывает знак. Negative v49 и v67, positive v50 и v64; все четыре consumers и full v68 проверены.",
"Solver.ToleranceMy",,"rngSystemSettings","Config!B27","UserInput","Double","tf*m","N*mm","0.0001","1000 internal N*mm before optional unit conversion","My residual acceptance","CSystemSettingsReader -> CSectionSolver.ApplySettings -> Solve","Loose tolerance accepts zero plane; strict tolerance solves My residual","modTestSectionSolver.TestAudit03SolverSettingEffects","docs/regression/Audit03/solver_effects_units_positive_v50_2026-10-02.txt; docs/regression/Audit03/full_no_v68_2026-10-02.txt; docs/regression/Audit03/full_yes_v68_2026-10-02.txt; docs/regression/Audit03/config_units_full_off_v71_2026-10-02.txt; docs/regression/Audit03/config_units_full_on_v71_2026-10-02.txt","ActiveBehaviorAccepted:FullRangeReviewNotComplete","> 0","Нулевое/отрицательное значение отклоняется до solve; CUnitSystem не скрывает знак. Negative v49 и v67, positive v50 и v64; все четыре consumers и full v68 проверены.",
"Solver.LineSearchEnabled",,"rngSystemSettings","Config!B29","UserInput","Boolean","-","-","Yes","True","Newton step acceptance","CSystemSettingsReader -> CSectionSolver.ApplySettings -> Solve","On splits a nonlinear step; Off accepts undivided steps","modTestSectionSolver.TestAudit03SolverSettingEffects","docs/regression/Audit03/solver_effects_units_positive_v50_2026-10-02.txt; docs/regression/Audit03/full_no_v68_2026-10-02.txt; docs/regression/Audit03/full_yes_v68_2026-10-02.txt; docs/regression/Audit03/config_units_full_off_v71_2026-10-02.txt; docs/regression/Audit03/config_units_full_on_v71_2026-10-02.txt","ActiveBehaviorAccepted:FullRangeReviewNotComplete","Yes/No and supported Boolean aliases","Boolean malformed/blank/formula errors covered by input-contract suite",
"Solver.DampingInitial",,"rngSystemSettings","Config!B30","UserInput","Double","-","-","1","1","Newton initial step multiplier","CSystemSettingsReader -> CSectionSolver.ApplySettings -> Solve","0.5 requires more iterations than 1 on a linear task","modTestSectionSolver.TestAudit03SolverSettingEffects","docs/regression/Audit03/solver_effects_units_positive_v50_2026-10-02.txt; docs/regression/Audit03/full_no_v68_2026-10-02.txt; docs/regression/Audit03/full_yes_v68_2026-10-02.txt; docs/regression/Audit03/config_units_full_off_v71_2026-10-02.txt; docs/regression/Audit03/config_units_full_on_v71_2026-10-02.txt","ActiveBehaviorAccepted:FullRangeReviewNotComplete","0 < value <= 1","1.1 rejected; raw unit conversion not applicable",
"Solver.MinLineSearchAlpha",,"rngSystemSettings","Config!B31","UserInput","Double","-","-","0.03125","0,03125","Newton with LineSearchEnabled=Yes","CSystemSettingsReader -> CSectionSolver.ApplySettings -> Solve","1 prevents necessary step reduction; 0.03125 permits equilibrium","modTestSectionSolver.TestAudit03SolverSettingEffects","docs/regression/Audit03/solver_effects_units_positive_v50_2026-10-02.txt; docs/regression/Audit03/full_no_v68_2026-10-02.txt; docs/regression/Audit03/full_yes_v68_2026-10-02.txt; docs/regression/Audit03/config_units_full_off_v71_2026-10-02.txt; docs/regression/Audit03/config_units_full_on_v71_2026-10-02.txt","ActiveBehaviorAccepted:FullRangeReviewNotComplete","0 < value <= DampingInitial","1.1 rejected; coupled DampingInitial boundary checked by solver validation",
"Solver.MaxDeltaEpsilon0",,"rngSystemSettings","Config!B32","UserInput","Double","-","dimensionless","0.0005","0,0005","Strain-plane increment control","CSystemSettingsReader -> CSectionSolver.ApplySettings -> Solve","Restricted increments increase work while preserving equilibrium","modTestSectionSolver.TestAudit03SolverSettingEffects","docs/regression/Audit03/solver_effects_units_positive_v50_2026-10-02.txt; docs/regression/Audit03/full_no_v68_2026-10-02.txt; docs/regression/Audit03/full_yes_v68_2026-10-02.txt; docs/regression/Audit03/config_units_full_off_v71_2026-10-02.txt; docs/regression/Audit03/config_units_full_on_v71_2026-10-02.txt","ActiveBehaviorAccepted:FullRangeReviewNotComplete","finite >= 0; 0 disables the increment limit","negative rejected without a unit sign conversion",
"Solver.MaxDeltaKappa",,"rngSystemSettings","Config!B33","UserInput","Double","1/mm","1/mm","0.00001","0.00001 internal 1/mm before optional unit conversion","Curvature increment control","CSystemSettingsReader -> CSectionSolver.ApplySettings -> Solve","Restricted increments increase work while preserving Mx equilibrium","modTestSectionSolver.TestAudit03SolverSettingEffects","docs/regression/Audit03/solver_effects_units_positive_v50_2026-10-02.txt; docs/regression/Audit03/full_no_v68_2026-10-02.txt; docs/regression/Audit03/full_yes_v68_2026-10-02.txt; docs/regression/Audit03/config_units_full_off_v71_2026-10-02.txt; docs/regression/Audit03/config_units_full_on_v71_2026-10-02.txt","ActiveBehaviorAccepted:FullRangeReviewNotComplete","finite >= 0; 0 disables the increment limit","Нулевое/отрицательное значение отклоняется до solve; CUnitSystem не скрывает знак. Negative v49 и v67, positive v50 и v64; все четыре consumers и full v68 проверены.",
"Solver.SecantMaxRestarts",,"rngSystemSettings","Config!B35","UserInput","Long","шт","count","2","2","Secant only; inactive in Newton","CSystemSettingsReader -> CSectionSolver.ApplySettings -> Solve","Actual restart counts 0 versus 3 when restart condition is forced","modTestSectionSolver.TestAudit03SolverSettingEffects","docs/regression/Audit03/solver_effects_units_positive_v50_2026-10-02.txt; docs/regression/Audit03/full_no_v68_2026-10-02.txt; docs/regression/Audit03/full_yes_v68_2026-10-02.txt; docs/regression/Audit03/config_units_full_off_v71_2026-10-02.txt; docs/regression/Audit03/config_units_full_on_v71_2026-10-02.txt","ActiveBehaviorAccepted:FullRangeReviewNotComplete","integer >= 0","negative rejected; noninteger/overflow reader evidence separate",
"Solver.SecantMinStepNorm",,"rngSystemSettings","Config!B36","UserInput","Double","-","Технический порог: raw L1 внешнего шага; геометрически взвешенный L2 обновления Broyden","0.000000000001","1E-12","Secant only; inactive in Newton","CSystemSettingsReader -> CSectionSolver.ApplySettings -> Solve","1e-12 converges; 1 forces small-step restarts and failure","modTestSectionSolver.TestAudit03SolverSettingEffects","docs/regression/Audit03/solver_effects_units_positive_v50_2026-10-02.txt; docs/regression/Audit03/full_no_v68_2026-10-02.txt; docs/regression/Audit03/full_yes_v68_2026-10-02.txt; docs/regression/Audit03/config_units_full_off_v71_2026-10-02.txt; docs/regression/Audit03/config_units_full_on_v71_2026-10-02.txt","ActiveBehaviorAccepted:FullRangeReviewNotComplete","> 0","0 rejected; inactive Newton tested explicitly",
"Capacity.SolutionStrategy",,"rngSystemSettings","Config!B40","UserInput","Enum","-","-","Auto","Обязательный Config-ввод; начальное значение автономного solver-а не подставляется вместо пользовательской строки","Поиск несущей; фактический метод учитывает предусмотренную обработку осевых и fallback-траекторий","Реальные Config cells -> CSystemSettingsReader.LoadFromWorkbook -> CUnitSystem/materials/profiles -> CBatchSectionCalculator.ApplySettings/Execute -> общий LimitSearch -> физические Capacity/Formation states и четыре result writers","Все три стратегии выполняют поиск реальной физической точки; для неосевого fixture UltimateStrain и LoadMultiplier отражаются в ActualMethod, Auto сохраняется как RequestedStrategy","modTestConfiguration.RunAudit03SearchConfigTests","docs/regression/Audit03/search_config_positive_v103_2026-10-02.txt; docs/regression/Audit03/search_config_full_off_v103_2026-10-02.txt; docs/regression/Audit03/search_config_full_on_v103_2026-10-02.txt","ActiveBehaviorAccepted:FullRangeReviewNotComplete","Auto / UltimateStrain / LoadMultiplier","Девять пар strategy/method, physical range, равновесие N/Mx/My, критерий, отсутствие расширения конечной точки, изоляция от Crack-настроек, blank/TODO/Unknown/CVErr/missing/recovery. Все формы, aliases и полный диапазон численных options этим не закрыты.",
"Capacity.SolverMaxIterations",,"rngSystemSettings","Config!B41","UserInput","TextOrNumber:PendingContractReview","шт","PendingPerFieldReview","60","PendingCallSiteReview","PendingPerKeyActiveInactiveReview","CSystemSettingsReader -> settings consumers","PendingDirectedBehaviorTest","NotRun","NotRun","Inventoried:BehaviorNotAccepted",,,
"Capacity.ToleranceStrain",,"rngSystemSettings","Config!B43","UserInput","TextOrNumber:PendingContractReview","-","PendingPerFieldReview","0.00001","PendingCallSiteReview","PendingPerKeyActiveInactiveReview","CSystemSettingsReader -> settings consumers","PendingDirectedBehaviorTest","NotRun","NotRun","Inventoried:BehaviorNotAccepted",,,
"Capacity.MaxLambda",,"rngSystemSettings","Config!B45","UserInput","TextOrNumber:PendingContractReview","-","PendingPerFieldReview","1024","PendingCallSiteReview","PendingPerKeyActiveInactiveReview","CSystemSettingsReader -> settings consumers","PendingDirectedBehaviorTest","NotRun","NotRun","Inventoried:BehaviorNotAccepted",,,
"Capacity.SearchMethod",,"rngSystemSettings","Config!B46","UserInput","Enum","-","-","Bisection","Обязательный Config-выбор даже при неактивной численной ветви UltimateStrain; missing/blank не становится Bisection","Фактический LoadMultiplier, включая предусмотренный fallback; при успешном UltimateStrain метод одномерного поиска не используется","Реальные Config cells -> CSystemSettingsReader.LoadFromWorkbook -> CUnitSystem/materials/profiles -> CBatchSectionCalculator.ApplySettings/Execute -> общий LimitSearch -> физические Capacity/Formation states и четыре result writers","В LoadMultiplier реальные диагностические ветви соответствуют выбору; в UltimateStrain смена выбора не меняет lambda/метод/число solve. Физически недопустимый Brent/Secant кандидат не становится конечной точкой","modTestConfiguration.RunAudit03SearchConfigTests","docs/regression/Audit03/search_config_positive_v103_2026-10-02.txt; docs/regression/Audit03/search_config_full_off_v103_2026-10-02.txt; docs/regression/Audit03/search_config_full_on_v103_2026-10-02.txt","ActiveBehaviorAccepted:FullRangeReviewNotComplete","Bisection / Brent / Secant","Все три метода и active/inactive режимы, отдельный исходный Brent-контрпример, physical criterion, path/equilibrium и writer comments, blank/TODO/Unknown/CVErr/missing/recovery. Независимые арифметические краевые Search-тесты сохраняют прежние expected/tolerance. Full-range и pairwise остаются открытыми.",
"Capacity.InitialLambda",,"rngSystemSettings","Config!B47","UserInput","TextOrNumber:PendingContractReview","-","PendingPerFieldReview","1","PendingCallSiteReview","PendingPerKeyActiveInactiveReview","CSystemSettingsReader -> settings consumers","PendingDirectedBehaviorTest","NotRun","NotRun","Inventoried:BehaviorNotAccepted",,,
"Capacity.ToleranceLambda",,"rngSystemSettings","Config!B48","UserInput","TextOrNumber:PendingContractReview","-","PendingPerFieldReview","0.01","PendingCallSiteReview","PendingPerKeyActiveInactiveReview","CSystemSettingsReader -> settings consumers","PendingDirectedBehaviorTest","NotRun","NotRun","Inventoried:BehaviorNotAccepted",,,
"Capacity.MaxRetries",,"rngSystemSettings","Config!B49","UserInput","TextOrNumber:PendingContractReview","шт","PendingPerFieldReview","0","PendingCallSiteReview","PendingPerKeyActiveInactiveReview","CSystemSettingsReader -> settings consumers","PendingDirectedBehaviorTest","NotRun","NotRun","Inventoried:BehaviorNotAccepted",,,
"Capacity.BaseLoadSteps",,"rngSystemSettings","Config!B50","UserInput","TextOrNumber:PendingContractReview","шт","PendingPerFieldReview","1","PendingCallSiteReview","PendingPerKeyActiveInactiveReview","CSystemSettingsReader -> settings consumers","PendingDirectedBehaviorTest","NotRun","NotRun","Inventoried:BehaviorNotAccepted",,,
"Stability.Code",,"rngSystemSettings","Config!B54","UserInput","list","-","PendingPerFieldReview","SP35","PendingCallSiteReview","PendingPerKeyActiveInactiveReview","CSystemSettingsReader -> settings consumers","PendingDirectedBehaviorTest","NotRun","NotRun","Inventoried:BehaviorNotAccepted",,,
"Stability.ElementLength",,"rngSystemSettings","Config!B55","UserInput","TextOrNumber:PendingContractReview","mm","PendingPerFieldReview","8000","PendingCallSiteReview","PendingPerKeyActiveInactiveReview","CSystemSettingsReader -> settings consumers","PendingDirectedBehaviorTest","NotRun","NotRun","Inventoried:BehaviorNotAccepted",,,
"Stability.Mu1",,"rngSystemSettings","Config!B56","UserInput","TextOrNumber:PendingContractReview","-","PendingPerFieldReview","2","PendingCallSiteReview","PendingPerKeyActiveInactiveReview","CSystemSettingsReader -> settings consumers","PendingDirectedBehaviorTest","NotRun","NotRun","Inventoried:BehaviorNotAccepted",,,
"Stability.Mu2",,"rngSystemSettings","Config!B57","UserInput","TextOrNumber:PendingContractReview","-","PendingPerFieldReview","2","PendingCallSiteReview","PendingPerKeyActiveInactiveReview","CSystemSettingsReader -> settings consumers","PendingDirectedBehaviorTest","NotRun","NotRun","Inventoried:BehaviorNotAccepted",,,
"Stability.SystemType",,"rngSystemSettings","Config!B58","UserInput","list","-","PendingPerFieldReview","Determinate","PendingCallSiteReview","PendingPerKeyActiveInactiveReview","CSystemSettingsReader -> settings consumers","PendingDirectedBehaviorTest","NotRun","NotRun","Inventoried:BehaviorNotAccepted",,,
"Stability.ZeroMomentEccentricitySign1",,"rngSystemSettings","Config!B59","UserInput","list","-","PendingPerFieldReview","1","PendingCallSiteReview","PendingPerKeyActiveInactiveReview","CSystemSettingsReader -> settings consumers","PendingDirectedBehaviorTest","NotRun","NotRun","Inventoried:BehaviorNotAccepted",,,
"Stability.ZeroMomentEccentricitySign2",,"rngSystemSettings","Config!B60","UserInput","list","-","PendingPerFieldReview","1","PendingCallSiteReview","PendingPerKeyActiveInactiveReview","CSystemSettingsReader -> settings consumers","PendingDirectedBehaviorTest","NotRun","NotRun","Inventoried:BehaviorNotAccepted",,,
"Stability.AccidentalEccentricityMode",,"rngSystemSettings","Config!B61","UserInput","list","-","PendingPerFieldReview","AutoWithμL","PendingCallSiteReview","PendingPerKeyActiveInactiveReview","CSystemSettingsReader -> settings consumers","PendingDirectedBehaviorTest","NotRun","NotRun","Inventoried:BehaviorNotAccepted",,,
"Stability.AccidentalEccentricityUser1",,"rngSystemSettings","Config!B62","UserInput","TextOrNumber:PendingContractReview","mm","PendingPerFieldReview","10","PendingCallSiteReview","PendingPerKeyActiveInactiveReview","CSystemSettingsReader -> settings consumers","PendingDirectedBehaviorTest","NotRun","NotRun","Inventoried:BehaviorNotAccepted",,,
"Stability.AccidentalEccentricityUser2",,"rngSystemSettings","Config!B63","UserInput","TextOrNumber:PendingContractReview","mm","PendingPerFieldReview","10","PendingCallSiteReview","PendingPerKeyActiveInactiveReview","CSystemSettingsReader -> settings consumers","PendingDirectedBehaviorTest","NotRun","NotRun","Inventoried:BehaviorNotAccepted",,,
"Stability.AccidentalEccentricityPlanes",,"rngSystemSettings","Config!B64","UserInput","list","-","PendingPerFieldReview","OnlyMomentPlane","PendingCallSiteReview","PendingPerKeyActiveInactiveReview","CSystemSettingsReader -> settings consumers","PendingDirectedBehaviorTest","NotRun","NotRun","Inventoried:BehaviorNotAccepted",,,
"Stability.PhiLMode",,"rngSystemSettings","Config!B65","UserInput","list","-","PendingPerFieldReview","Auto","PendingCallSiteReview","PendingPerKeyActiveInactiveReview","CSystemSettingsReader -> settings consumers","PendingDirectedBehaviorTest","NotRun","NotRun","Inventoried:BehaviorNotAccepted",,,
"Stability.SP63.Ks",,"rngSystemSettings","Config!B67","UserInput","TextOrNumber:PendingContractReview","-","PendingPerFieldReview","0.7","PendingCallSiteReview","PendingPerKeyActiveInactiveReview","CSystemSettingsReader -> settings consumers","PendingDirectedBehaviorTest","NotRun","NotRun","Inventoried:BehaviorNotAccepted",,,
"Stability.SP63.DeltaEMin",,"rngSystemSettings","Config!B68","UserInput","TextOrNumber:PendingContractReview","-","PendingPerFieldReview","0.15","PendingCallSiteReview","PendingPerKeyActiveInactiveReview","CSystemSettingsReader -> settings consumers","PendingDirectedBehaviorTest","NotRun","NotRun","Inventoried:BehaviorNotAccepted",,,
"Stability.SP63.DeltaEMax",,"rngSystemSettings","Config!B69","UserInput","TextOrNumber:PendingContractReview","-","PendingPerFieldReview","1.5","PendingCallSiteReview","PendingPerKeyActiveInactiveReview","CSystemSettingsReader -> settings consumers","PendingDirectedBehaviorTest","NotRun","NotRun","Inventoried:BehaviorNotAccepted",,,
"Stability.SP35.PhiP",,"rngSystemSettings","Config!B71","UserInput","TextOrNumber:PendingContractReview","-","PendingPerFieldReview","1","PendingCallSiteReview","PendingPerKeyActiveInactiveReview","CSystemSettingsReader -> settings consumers","PendingDirectedBehaviorTest","NotRun","NotRun","Inventoried:BehaviorNotAccepted",,,
"Stability.SP35.NOverNcrLimit",,"rngSystemSettings","Config!B72","UserInput","TextOrNumber:PendingContractReview","-","PendingPerFieldReview","0.7","PendingCallSiteReview","PendingPerKeyActiveInactiveReview","CSystemSettingsReader -> settings consumers","PendingDirectedBehaviorTest","NotRun","NotRun","Inventoried:BehaviorNotAccepted",,,
"SLS.Crack.Allowable",,"rngSystemSettings","Config!B75","UserInput","Double","mm","мм","0.3","Обязательный Config-ввод; начальное значение класса не подставляется вместо missing/blank/TODO/error","Выполненная формула нормальной ширины, а также решение Auto psi об уточнении","Реальные Config cells -> CSystemSettingsReader.LoadFromWorkbook -> CUnitSystem -> CBatchSectionCalculator.ApplySettings/Execute -> отдельные Formation/Width/Longitudinal results -> CBatchResultWriter и подробные writers","Изменение предела не меняет a_crc, но меняет utilization и OK/FAIL; переход Auto psi от unity к уточнению проверен отдельно","modTestBatchCalculation.TestAudit03CrackConfigBehavior","docs/regression/Audit03/crack_config_positive_v95_2026-10-02.txt; docs/regression/Audit03/crack_config_full_off_v95_2026-10-02.txt; docs/regression/Audit03/crack_config_full_on_v95_2026-10-02.txt","ActiveBehaviorAccepted:FullRangeReviewNotComplete","> 0","Два положительных предела и пересечение проверки, 0/-1/1e309, blank/TODO/abc/CVErr/missing/recovery. Полный диапазон и все interactions остаются отдельным gate.",
"SLS.Crack.InitiationSolutionStrategy",,"rngSystemSettings","Config!B76","UserInput","Enum","-","-","Auto","Обязательный Config-ввод, без fallback при отсутствии/невалидности","Численный метод Formation на выбранной lambda-траектории","Реальные Config cells -> CSystemSettingsReader.LoadFromWorkbook -> CUnitSystem/materials/profiles -> CBatchSectionCalculator.ApplySettings/Execute -> общий LimitSearch -> физические Capacity/Formation states и четыре result writers","UltimateStrain и LoadMultiplier возвращают собственный ActualMethod на всех трех фиксированных путях; Auto сохраняет RequestedStrategy и фактически найденную физическую точку. Подготовка PostCrackState и Width не запускают вторую параллельную search-реализацию","modTestConfiguration.RunAudit03SearchConfigTests","docs/regression/Audit03/search_config_positive_v103_2026-10-02.txt; docs/regression/Audit03/search_config_full_off_v103_2026-10-02.txt; docs/regression/Audit03/search_config_full_on_v103_2026-10-02.txt","ActiveBehaviorAccepted:FullRangeReviewNotComplete","Auto / UltimateStrain / LoadMultiplier","Все стратегии/пути, Pre/Post states и три компоненты равновесия, критерий, comments всех output-блоков, blank/TODO/Unknown/CVErr/missing/recovery. Изменена только line-search merit normalization по существующим допускам; conditions/material limits/исторические expected не изменены. Полный диапазон и interactions не объявляются закрытыми.",
"SLS.Crack.TensionZoneMode",,"rngSystemSettings","Config!B77","UserInput","Enum","-","-","Effective","Обязательный Config-ввод, без fallback","Общая изгибная ветвь с нейтральной линией; центральное растяжение берет всю площадь независимо от выбора","Реальные Config cells -> CSystemSettingsReader.LoadFromWorkbook -> CUnitSystem -> CBatchSectionCalculator.ApplySettings/Execute -> отдельные Formation/Width/Longitudinal results -> CBatchResultWriter и подробные writers","Меняются принятая глубина, Abt и a_crc: 0.045381361994 -> 0.034036021495 мм, при одном текущем LC","modTestBatchCalculation.TestAudit03CrackConfigBehavior","docs/regression/Audit03/crack_config_positive_v95_2026-10-02.txt; docs/regression/Audit03/crack_config_full_off_v95_2026-10-02.txt; docs/regression/Audit03/crack_config_full_on_v95_2026-10-02.txt","ActiveBehaviorAccepted:FullRangeReviewNotComplete","Effective / FullTension","Оба режима при реально активной полосе, независимая формула/writer/comments, blank/TODO/abc/CVErr/missing/recovery. Не утверждается full-range/pairwise.",
"SLS.Crack.CoverDistanceMode",,"rngSystemSettings","Config!B78","UserInput","Enum","-","-","GlobalExtreme","Обязательный Config-ввод, без fallback","Геометрическая подготовка a_s в общей изгибной ветви; для полного центрального растяжения a_s неприменимо","Реальные Config cells -> CSystemSettingsReader.LoadFromWorkbook -> CUnitSystem -> CBatchSectionCalculator.ApplySettings/Execute -> отдельные Formation/Width/Longitudinal results -> CBatchResultWriter и подробные writers","На ступенчатом бетонном контуре отличается подготовленное a_s; оба режима выполняют формулу ширины и запись a_crc. Итоговая ширина в этом fixture совпадает; отдельный эффект на a_crc и вывод a_s не объявляются доказанными этим assertion","modTestBatchCalculation.TestAudit03CrackConfigBehavior","docs/regression/Audit03/crack_config_positive_v95_2026-10-02.txt; docs/regression/Audit03/crack_config_full_off_v95_2026-10-02.txt; docs/regression/Audit03/crack_config_full_on_v95_2026-10-02.txt","ActiveBehaviorAccepted:FullRangeReviewNotComplete","NearestContour / GlobalExtreme","Оба режима с активным контуром, формула/writer/comments, blank/TODO/abc/CVErr/missing/recovery. Реальный DWG и все формы не подменяются этим fixture.",
"SLS.Crack.Phi1",,"rngSystemSettings","Config!B79","UserInput","Double","-","-","1.4","Обязательный Config-ввод, без fallback","Выполненная формула нормальной ширины","Реальные Config cells -> CSystemSettingsReader.LoadFromWorkbook -> CUnitSystem -> CBatchSectionCalculator.ApplySettings/Execute -> отдельные Formation/Width/Longitudinal results -> CBatchResultWriter и подробные writers","1.4 -> 2.1 умножает a_crc на 1.5 при неизменных sigma_s, ls и числе solve","modTestBatchCalculation.TestAudit03CrackConfigBehavior","docs/regression/Audit03/crack_config_positive_v95_2026-10-02.txt; docs/regression/Audit03/crack_config_full_off_v95_2026-10-02.txt; docs/regression/Audit03/crack_config_full_on_v95_2026-10-02.txt","ActiveBehaviorAccepted:FullRangeReviewNotComplete","> 0","Активный эффект, независимая формула/writer, 0/-1/1e309, blank/TODO/abc/CVErr/missing/recovery. Полный диапазон и все consumers не закрыты.",
"SLS.Crack.Phi2",,"rngSystemSettings","Config!B80","UserInput","Double","-","-","0.5","Обязательный Config-ввод, без fallback","Выполненная формула нормальной ширины","Реальные Config cells -> CSystemSettingsReader.LoadFromWorkbook -> CUnitSystem -> CBatchSectionCalculator.ApplySettings/Execute -> отдельные Formation/Width/Longitudinal results -> CBatchResultWriter и подробные writers","0.5 -> 0.75 умножает a_crc на 1.5 при неизменных sigma_s, ls и числе solve","modTestBatchCalculation.TestAudit03CrackConfigBehavior","docs/regression/Audit03/crack_config_positive_v95_2026-10-02.txt; docs/regression/Audit03/crack_config_full_off_v95_2026-10-02.txt; docs/regression/Audit03/crack_config_full_on_v95_2026-10-02.txt","ActiveBehaviorAccepted:FullRangeReviewNotComplete","> 0","Активный эффект, независимая формула/writer, 0/-1/1e309, blank/TODO/abc/CVErr/missing/recovery. Полный диапазон и все consumers не закрыты.",
"SLS.Crack.Phi3Mode",,"rngSystemSettings","Config!B81","UserInput","Enum","-","-","Auto","Обязательный Config-ввод, без fallback","Выполненная формула ширины и классификация внутренней продольной силы","Реальные Config cells -> CSystemSettingsReader.LoadFromWorkbook -> CUnitSystem -> CBatchSectionCalculator.ApplySettings/Execute -> отдельные Formation/Width/Longitudinal results -> CBatchResultWriter и подробные writers","User берет 1; Auto при внутреннем растяжении принимает 1.2 и игнорирует пользовательское Phi3","modTestBatchCalculation.TestAudit03CrackConfigBehavior","docs/regression/Audit03/crack_config_positive_v95_2026-10-02.txt; docs/regression/Audit03/crack_config_full_off_v95_2026-10-02.txt; docs/regression/Audit03/crack_config_full_on_v95_2026-10-02.txt","ActiveBehaviorAccepted:FullRangeReviewNotComplete","Auto / User","Оба значения и User-параметр, blank/TODO/abc/CVErr/missing/recovery. Отдельный per-key Auto compression/zero oracle и pairwise остаются открытыми.",
"SLS.Crack.Phi3",,"rngSystemSettings","Config!B82","UserInput","Double","-","-","1","Обязательное положительное число даже в Auto, без fallback","Задает коэффициент только при Phi3Mode=User; Auto не использует его для формулы","Реальные Config cells -> CSystemSettingsReader.LoadFromWorkbook -> CUnitSystem -> CBatchSectionCalculator.ApplySettings/Execute -> отдельные Formation/Width/Longitudinal results -> CBatchResultWriter и подробные writers","User 1 -> 1.5 умножает a_crc на 1.5; Auto 1 -> 2.5 не меняет фактический коэффициент и ширину","modTestBatchCalculation.TestAudit03CrackConfigBehavior","docs/regression/Audit03/crack_config_positive_v95_2026-10-02.txt; docs/regression/Audit03/crack_config_full_off_v95_2026-10-02.txt; docs/regression/Audit03/crack_config_full_on_v95_2026-10-02.txt","ActiveBehaviorAccepted:FullRangeReviewNotComplete","> 0","Активный/неактивный режим, 0/-1/1e309, blank/TODO/abc/CVErr/missing/recovery. Остальные нагрузки Auto и full-range еще проверяются.",
"SLS.Crack.PsiMode",,"rngSystemSettings","Config!B83","UserInput","Enum","-","-","AlwaysCalc","Обязательный Config-ввод, без fallback","Выполненная формула ширины; готовое PostCrackState передается без повторного solve","Реальные Config cells -> CSystemSettingsReader.LoadFromWorkbook -> CUnitSystem -> CBatchSectionCalculator.ApplySettings/Execute -> отдельные Formation/Width/Longitudinal results -> CBatchResultWriter и подробные writers","AlwaysCalc вычисляет 1-0.8*sigma_s,crc/sigma_s даже при достаточном допустимом раскрытии; Auto применяет unity при первой успешной проверке и уточняет при непрохождении; User берет PsiS","modTestBatchCalculation.TestAudit03CrackConfigBehavior","docs/regression/Audit03/crack_config_positive_v95_2026-10-02.txt; docs/regression/Audit03/crack_config_full_off_v95_2026-10-02.txt; docs/regression/Audit03/crack_config_full_on_v95_2026-10-02.txt","ActiveBehaviorAccepted:FullRangeReviewNotComplete","User / Auto / AlwaysCalc","Все три режима, обе ветви Auto, неактивный PsiS и готовое отрицательное sigma_s,crc, blank/TODO/abc/CVErr/missing/recovery. Все формы/профили еще не закрыты.",
"SLS.Crack.SigmaSCrcAveragingMode",,"rngSystemSettings","Config!B84","UserInput","Enum","-","-","AllSelected","Обязательный Config-ввод, без fallback","Справочное sigma_s,crc при наличии физического PostCrackState; изменение psi только если используется автоматическое уточнение","Реальные Config cells -> CSystemSettingsReader.LoadFromWorkbook -> CUnitSystem -> CBatchSectionCalculator.ApplySettings/Execute -> отдельные Formation/Width/Longitudinal results -> CBatchResultWriter и подробные writers","На реальном текущем/пороговом НДС AllSelected дает -5.833595888369 МПа, TensionOnly 0; sigma_s и выбранные стержни неизменны, psi=1 и нет NumFail формулы","modTestBatchCalculation.TestAudit03CrackConfigBehavior","docs/regression/Audit03/crack_config_positive_v95_2026-10-02.txt; docs/regression/Audit03/crack_config_full_off_v95_2026-10-02.txt; docs/regression/Audit03/crack_config_full_on_v95_2026-10-02.txt","ActiveBehaviorAccepted:FullRangeReviewNotComplete","AllSelected / TensionOnly","Оба режима и содержательные комментарии неположительного среднего, blank/TODO/abc/CVErr/missing/recovery. Другие веса/зоны и все профили требуют отдельного gate.",
"SLS.Crack.PsiS",,"rngSystemSettings","Config!B85","UserInput","Double","-","-","1","Обязательное положительное число даже в Auto/AlwaysCalc, без fallback","Задает psi только при PsiMode=User; автоматические режимы не используют число для итогового psi","Реальные Config cells -> CSystemSettingsReader.LoadFromWorkbook -> CUnitSystem -> CBatchSectionCalculator.ApplySettings/Execute -> отдельные Formation/Width/Longitudinal results -> CBatchResultWriter и подробные writers","User 1 -> 0.5 уменьшает ширину вдвое; AlwaysCalc 1 -> 0.25 не меняет уточненное раскрытие","modTestBatchCalculation.TestAudit03CrackConfigBehavior","docs/regression/Audit03/crack_config_positive_v95_2026-10-02.txt; docs/regression/Audit03/crack_config_full_off_v95_2026-10-02.txt; docs/regression/Audit03/crack_config_full_on_v95_2026-10-02.txt","ActiveBehaviorAccepted:FullRangeReviewNotComplete","> 0; автоматический psi ограничен 0..1 отдельно от User-ввода","Активный/неактивный режим, 0/-1/1e309, blank/TODO/abc/CVErr/missing/recovery. Не вводится новый верхний предел User-настройки.",
"AutoCAD.Export.CombinationID",,"rngSystemSettings","Config!B88","UserInput","list","-","PendingPerFieldReview","Worst","PendingCallSiteReview","PendingPerKeyActiveInactiveReview","CSystemSettingsReader -> settings consumers","PendingDirectedBehaviorTest","NotRun","NotRun","Inventoried:BehaviorNotAccepted",,,
"AutoCAD.Export.NeutralLineEnabled",,"rngSystemSettings","Config!B89","UserInput","list","-","PendingPerFieldReview","Yes","PendingCallSiteReview","PendingPerKeyActiveInactiveReview","CSystemSettingsReader -> settings consumers","PendingDirectedBehaviorTest","NotRun","NotRun","Inventoried:BehaviorNotAccepted",,,
"AutoCAD.Export.PrincipalAxesMode",,"rngSystemSettings","Config!B90","UserInput","list","-","PendingPerFieldReview","Transformed","PendingCallSiteReview","PendingPerKeyActiveInactiveReview","CSystemSettingsReader -> settings consumers","PendingDirectedBehaviorTest","NotRun","NotRun","Inventoried:BehaviorNotAccepted",,,
"AutoCAD.Export.LoadPointEnabled",,"rngSystemSettings","Config!B91","UserInput","list","-","PendingPerFieldReview","Yes","PendingCallSiteReview","PendingPerKeyActiveInactiveReview","CSystemSettingsReader -> settings consumers","PendingDirectedBehaviorTest","NotRun","NotRun","Inventoried:BehaviorNotAccepted",,,
"AutoCAD.Export.ContourEnabled",,"rngSystemSettings","Config!B92","UserInput","list","-","PendingPerFieldReview","Yes","PendingCallSiteReview","PendingPerKeyActiveInactiveReview","CSystemSettingsReader -> settings consumers","PendingDirectedBehaviorTest","NotRun","NotRun","Inventoried:BehaviorNotAccepted",,,
"AutoCAD.Export.LabelMode",,"rngSystemSettings","Config!B93","UserInput","list","-","PendingPerFieldReview","NamesAndValues","PendingCallSiteReview","PendingPerKeyActiveInactiveReview","CSystemSettingsReader -> settings consumers","PendingDirectedBehaviorTest","NotRun","NotRun","Inventoried:BehaviorNotAccepted",,,
"AutoCAD.Layer.Concrete",,"rngSystemSettings","Config!B94","UserInput","TextOrNumber:PendingContractReview","-","PendingPerFieldReview","Concrete","PendingCallSiteReview","PendingPerKeyActiveInactiveReview","CSystemSettingsReader -> settings consumers","PendingDirectedBehaviorTest","NotRun","NotRun","Inventoried:BehaviorNotAccepted",,,
"AutoCAD.Layer.Rebar",,"rngSystemSettings","Config!B95","UserInput","TextOrNumber:PendingContractReview","-","PendingPerFieldReview","Reinf","PendingCallSiteReview","PendingPerKeyActiveInactiveReview","CSystemSettingsReader -> settings consumers","PendingDirectedBehaviorTest","NotRun","NotRun","Inventoried:BehaviorNotAccepted",,,
"AutoCAD.Layer.Contour",,"rngSystemSettings","Config!B96","UserInput","TextOrNumber:PendingContractReview","-","PendingPerFieldReview","RC_NDM_Contour","PendingCallSiteReview","PendingPerKeyActiveInactiveReview","CSystemSettingsReader -> settings consumers","PendingDirectedBehaviorTest","NotRun","NotRun","Inventoried:BehaviorNotAccepted",,,
"AutoCAD.Layer.ConcreteTension",,"rngSystemSettings","Config!B97","UserInput","TextOrNumber:PendingContractReview","-","PendingPerFieldReview","Anno_Concrete_Tension","PendingCallSiteReview","PendingPerKeyActiveInactiveReview","CSystemSettingsReader -> settings consumers","PendingDirectedBehaviorTest","NotRun","NotRun","Inventoried:BehaviorNotAccepted",,,
"AutoCAD.Layer.ConcreteCompression",,"rngSystemSettings","Config!B98","UserInput","TextOrNumber:PendingContractReview","-","PendingPerFieldReview","Anno_Concrete_Compression","PendingCallSiteReview","PendingPerKeyActiveInactiveReview","CSystemSettingsReader -> settings consumers","PendingDirectedBehaviorTest","NotRun","NotRun","Inventoried:BehaviorNotAccepted",,,
"AutoCAD.Layer.RebarTension",,"rngSystemSettings","Config!B99","UserInput","TextOrNumber:PendingContractReview","-","PendingPerFieldReview","Anno_Rebar_Tension","PendingCallSiteReview","PendingPerKeyActiveInactiveReview","CSystemSettingsReader -> settings consumers","PendingDirectedBehaviorTest","NotRun","NotRun","Inventoried:BehaviorNotAccepted",,,
"AutoCAD.Layer.RebarCompression",,"rngSystemSettings","Config!B100","UserInput","TextOrNumber:PendingContractReview","-","PendingPerFieldReview","Anno_Rebar_Compression","PendingCallSiteReview","PendingPerKeyActiveInactiveReview","CSystemSettingsReader -> settings consumers","PendingDirectedBehaviorTest","NotRun","NotRun","Inventoried:BehaviorNotAccepted",,,
"AutoCAD.Color.ConcreteTension",,"rngSystemSettings","Config!B101","UserInput","TextOrNumber:PendingContractReview","ColorIndex","PendingPerFieldReview","9","PendingCallSiteReview","PendingPerKeyActiveInactiveReview","CSystemSettingsReader -> settings consumers","PendingDirectedBehaviorTest","NotRun","NotRun","Inventoried:BehaviorNotAccepted",,,
"AutoCAD.Color.ConcreteCompression",,"rngSystemSettings","Config!B102","UserInput","TextOrNumber:PendingContractReview","ColorIndex","PendingPerFieldReview","5","PendingCallSiteReview","PendingPerKeyActiveInactiveReview","CSystemSettingsReader -> settings consumers","PendingDirectedBehaviorTest","NotRun","NotRun","Inventoried:BehaviorNotAccepted",,,
"AutoCAD.Color.RebarTension",,"rngSystemSettings","Config!B103","UserInput","TextOrNumber:PendingContractReview","ColorIndex","PendingPerFieldReview","1","PendingCallSiteReview","PendingPerKeyActiveInactiveReview","CSystemSettingsReader -> settings consumers","PendingDirectedBehaviorTest","NotRun","NotRun","Inventoried:BehaviorNotAccepted",,,
"AutoCAD.Color.RebarCompression",,"rngSystemSettings","Config!B104","UserInput","TextOrNumber:PendingContractReview","ColorIndex","PendingPerFieldReview","6","PendingCallSiteReview","PendingPerKeyActiveInactiveReview","CSystemSettingsReader -> settings consumers","PendingDirectedBehaviorTest","NotRun","NotRun","Inventoried:BehaviorNotAccepted",,,
"AutoCAD.Color.Neutral",,"rngSystemSettings","Config!B105","UserInput","TextOrNumber:PendingContractReview","ColorIndex","PendingPerFieldReview","8","PendingCallSiteReview","PendingPerKeyActiveInactiveReview","CSystemSettingsReader -> settings consumers","PendingDirectedBehaviorTest","NotRun","NotRun","Inventoried:BehaviorNotAccepted",,,
"AutoCAD.Import.ConcreteLayer",,"rngSystemSettings","Config!B108","UserInput","TextOrNumber:PendingContractReview","-","PendingPerFieldReview","Concrete","PendingCallSiteReview","PendingPerKeyActiveInactiveReview","CSystemSettingsReader -> settings consumers","PendingDirectedBehaviorTest","NotRun","NotRun","Inventoried:BehaviorNotAccepted",,,
"AutoCAD.Import.RebarLayer",,"rngSystemSettings","Config!B109","UserInput","TextOrNumber:PendingContractReview","-","PendingPerFieldReview","Reinf","PendingCallSiteReview","PendingPerKeyActiveInactiveReview","CSystemSettingsReader -> settings consumers","PendingDirectedBehaviorTest","NotRun","NotRun","Inventoried:BehaviorNotAccepted",,,
"AutoCAD.Import.MinArea","AutoCAD.Import.MinArea","rngSystemSettings","Config!B110","UserInput","Double","mm2","мм2 после InputAreaToInternal","0.000001","Обязательная настройка импорта, скрытого fallback при пустом/ошибочном key нет.","Только новый импорт; не фильтрует повторно saved Results при Calculate.","Config -> CSystemSettingsReader/CUnitSystem -> CAutoCADSectionModelImporter.ImportConfiguredModelSpace -> ImportFromModelSpace -> CSectionModel -> Results geometry preview / реальный Calculate","Region с A < MinArea пропускается, A = MinArea сохраняется. Нулевой порог не отбрасывает Region по малой площади. Порог не изменяет координаты и A/I оставшихся элементов.","modTestWorkbookInterface.TestAudit03InputAreaImportFilter + TestAudit03ImportedSnapshotUnitChanges","docs/regression/Audit03/input_area_import_v79_2026-10-02.txt; docs/regression/Audit03/imported_snapshot_unit_changes_v81_2026-10-02.txt; docs/regression/Audit03/config_import_units_full_off_v83b_2026-10-02.txt; docs/regression/Audit03/config_import_units_full_on_v83b_2026-10-02.txt","ActiveBehaviorAccepted:FullRangeReviewNotComplete","Конечное неотрицательное число, переводимое в Double mm2 без переполнения. Большое значение может удалить все бетонные или арматурные Region и вызывает понятную ошибку импорта.","Порог 25 mm2 проверен на стержнях 24.999/25/25.001 mm2 и малом бетонном Region. Проверены zero, lower threshold, complete elimination по каждому типу и восстановление всех измененных Config ranges. Смена порога/слоев после импортного snapshot не влияет на Calculate без нового импорта.",
"Plot.Enabled",,"rngSystemSettings","Config!B113","UserInput","list","-","PendingPerFieldReview","Yes","PendingCallSiteReview","PendingPerKeyActiveInactiveReview","CSystemSettingsReader -> settings consumers","PendingDirectedBehaviorTest","NotRun","NotRun","Inventoried:BehaviorNotAccepted",,,
"Plot.AutoUpdateAfterCalculation",,"rngSystemSettings","Config!B114","UserInput","list","-","PendingPerFieldReview","Yes","PendingCallSiteReview","PendingPerKeyActiveInactiveReview","CSystemSettingsReader -> settings consumers","PendingDirectedBehaviorTest","NotRun","NotRun","Inventoried:BehaviorNotAccepted",,,
"Plot.LoadCase",,"rngSystemSettings","Config!B115","UserInput","list","-","PendingPerFieldReview","Worst","PendingCallSiteReview","PendingPerKeyActiveInactiveReview","CSystemSettingsReader -> settings consumers","PendingDirectedBehaviorTest","NotRun","NotRun","Inventoried:BehaviorNotAccepted",,,
"Plot.ResultGradient",,"rngSystemSettings","Config!B116","UserInput","list","-","PendingPerFieldReview","Yes","PendingCallSiteReview","PendingPerKeyActiveInactiveReview","CSystemSettingsReader -> settings consumers","PendingDirectedBehaviorTest","NotRun","NotRun","Inventoried:BehaviorNotAccepted",,,
"Plot.ResultLabelsEnabled",,"rngSystemSettings","Config!B117","UserInput","list","-","PendingPerFieldReview","No","PendingCallSiteReview","PendingPerKeyActiveInactiveReview","CSystemSettingsReader -> settings consumers","PendingDirectedBehaviorTest","NotRun","NotRun","Inventoried:BehaviorNotAccepted",,,
"Plot.ResultLabelSpacing",,"rngSystemSettings","Config!B118","UserInput","TextOrNumber:PendingContractReview","mm","PendingPerFieldReview","100","PendingCallSiteReview","PendingPerKeyActiveInactiveReview","CSystemSettingsReader -> settings consumers","PendingDirectedBehaviorTest","NotRun","NotRun","Inventoried:BehaviorNotAccepted",,,
"Plot.NeutralLineEnabled",,"rngSystemSettings","Config!B119","UserInput","list","-","PendingPerFieldReview","Yes","PendingCallSiteReview","PendingPerKeyActiveInactiveReview","CSystemSettingsReader -> settings consumers","PendingDirectedBehaviorTest","NotRun","NotRun","Inventoried:BehaviorNotAccepted",,,
"Plot.PrincipalAxesMode",,"rngSystemSettings","Config!B120","UserInput","list","-","PendingPerFieldReview","Transformed","PendingCallSiteReview","PendingPerKeyActiveInactiveReview","CSystemSettingsReader -> settings consumers","PendingDirectedBehaviorTest","NotRun","NotRun","Inventoried:BehaviorNotAccepted",,,
"Plot.LoadApplicationPointEnabled",,"rngSystemSettings","Config!B121","UserInput","list","-","PendingPerFieldReview","Yes","PendingCallSiteReview","PendingPerKeyActiveInactiveReview","CSystemSettingsReader -> settings consumers","PendingDirectedBehaviorTest","NotRun","NotRun","Inventoried:BehaviorNotAccepted",,,
"Plot.AxisLabelsEnabled",,"rngSystemSettings","Config!B122","UserInput","list","-","PendingPerFieldReview","Yes","PendingCallSiteReview","PendingPerKeyActiveInactiveReview","CSystemSettingsReader -> settings consumers","PendingDirectedBehaviorTest","NotRun","NotRun","Inventoried:BehaviorNotAccepted",,,
"Plot.AxisLabelsFontSize",,"rngSystemSettings","Config!B123","UserInput","TextOrNumber:PendingContractReview","pt","PendingPerFieldReview","7.5","PendingCallSiteReview","PendingPerKeyActiveInactiveReview","CSystemSettingsReader -> settings consumers","PendingDirectedBehaviorTest","NotRun","NotRun","Inventoried:BehaviorNotAccepted",,,
"Plot.ContourEnabled",,"rngSystemSettings","Config!B124","UserInput","list","-","PendingPerFieldReview","Yes","PendingCallSiteReview","PendingPerKeyActiveInactiveReview","CSystemSettingsReader -> settings consumers","PendingDirectedBehaviorTest","NotRun","NotRun","Inventoried:BehaviorNotAccepted",,,
"Plot.LegendEnabled",,"rngSystemSettings","Config!B125","UserInput","list","-","PendingPerFieldReview","Yes","PendingCallSiteReview","PendingPerKeyActiveInactiveReview","CSystemSettingsReader -> settings consumers","PendingDirectedBehaviorTest","NotRun","NotRun","Inventoried:BehaviorNotAccepted",,,
"Plot.LegendMode",,"rngSystemSettings","Config!B126","UserInput","list","-","PendingPerFieldReview","Separate","PendingCallSiteReview","PendingPerKeyActiveInactiveReview","CSystemSettingsReader -> settings consumers","PendingDirectedBehaviorTest","NotRun","NotRun","Inventoried:BehaviorNotAccepted",,,
"Plot.Color.RebarCompression",,"rngSystemSettings","Config!B127","UserInput","TextOrNumber:PendingContractReview","RGB","PendingPerFieldReview","30,80,220","PendingCallSiteReview","PendingPerKeyActiveInactiveReview","CSystemSettingsReader -> settings consumers","PendingDirectedBehaviorTest","NotRun","NotRun","Inventoried:BehaviorNotAccepted",,,
"Plot.Color.RebarTension",,"rngSystemSettings","Config!B128","UserInput","TextOrNumber:PendingContractReview","RGB","PendingPerFieldReview","210,30,20","PendingCallSiteReview","PendingPerKeyActiveInactiveReview","CSystemSettingsReader -> settings consumers","PendingDirectedBehaviorTest","NotRun","NotRun","Inventoried:BehaviorNotAccepted",,,
"Plot.Color.ConcreteCompression",,"rngSystemSettings","Config!B129","UserInput","TextOrNumber:PendingContractReview","RGB","PendingPerFieldReview","125,35,210","PendingCallSiteReview","PendingPerKeyActiveInactiveReview","CSystemSettingsReader -> settings consumers","PendingDirectedBehaviorTest","NotRun","NotRun","Inventoried:BehaviorNotAccepted",,,
"Plot.Color.ConcreteTension",,"rngSystemSettings","Config!B130","UserInput","TextOrNumber:PendingContractReview","RGB","PendingPerFieldReview","0,155,85","PendingCallSiteReview","PendingPerKeyActiveInactiveReview","CSystemSettingsReader -> settings consumers","PendingDirectedBehaviorTest","NotRun","NotRun","Inventoried:BehaviorNotAccepted",,,
"Circle.Diameter",,"rngCircleGeometry","Config!I87","UserInput","Double","mm","mm","300","300 пользовательских единиц длины при отсутствующем ключе в BuildFromSettings; отдельная приемка этого default впереди","Geometry.Type = Circle","Config.rngCircleGeometry -> CSystemSettingsReader -> CUnitSystem -> CSectionTypeRegistry -> CGeometryCircle / CCircleRebarLayoutBuilder","1000 -> 1100 мм: граница бетона 500 -> 550 мм, ось первого стержня 450 -> 500 мм","modTestGeometryConfig.RunAudit03CircleConfigTests","docs/regression/Audit03/circle_config_v133_2026-10-03.txt; docs/regression/Audit03/geometry_config_full_off_v133_2026-10-03.txt; docs/regression/Audit03/geometry_config_full_on_v133_2026-10-03.txt","ActiveBehaviorAccepted:FullRangeReviewNotComplete","> 0; конечное представимое число, допускающее построение выбранной раскладки","Проверены положительная мутация, -1 и recovery, неактивность для RectSet. Предельные большие значения, пустое значение и error-cell для этого поля остаются отдельным gate.",
"Rebar.AxisDistance",,"rngCircleGeometry","Config!I88","UserInput","Double","mm","mm","40","40 пользовательских единиц длины при отсутствующем ключе","Circle с активным первым рядом","Config.rngCircleGeometry -> CSystemSettingsReader -> CUnitSystem -> CSectionTypeRegistry -> CGeometryCircle / CCircleRebarLayoutBuilder","50 -> 60 мм: ось первого стержня 450 -> 440 мм; второго 436 -> 426 мм","modTestGeometryConfig.RunAudit03CircleConfigTests","docs/regression/Audit03/circle_config_v133_2026-10-03.txt; docs/regression/Audit03/geometry_config_full_off_v133_2026-10-03.txt; docs/regression/Audit03/geometry_config_full_on_v133_2026-10-03.txt","ActiveBehaviorAccepted:FullRangeReviewNotComplete","При активном первом ряде: Rebar.Diameter/2 < AxisDistance < Circle.Diameter/2","Проверены активная мутация, -1 и recovery, неактивность для RectSet. Равенства обеим геометрическим границам проверяются отдельно, здесь не получают PASS.",
"Rebar.Count",,"rngCircleGeometry","Config!I89","UserInput","Long","шт","count","8","0 при отсутствующем ключе","Circle; 0 выключает основной и зависимые ряды","Config.rngCircleGeometry -> CSystemSettingsReader -> CUnitSystem -> CSectionTypeRegistry -> CGeometryCircle / CCircleRebarLayoutBuilder","8 -> 10: 24 -> 30 стержней трех рядов и изменение углового шага","modTestGeometryConfig.RunAudit03CircleConfigTests","docs/regression/Audit03/circle_config_v133_2026-10-03.txt; docs/regression/Audit03/geometry_config_full_off_v133_2026-10-03.txt; docs/regression/Audit03/geometry_config_full_on_v133_2026-10-03.txt","ActiveBehaviorAccepted:FullRangeReviewNotComplete","0 либо целое >= 2 при активном диаметре; сумма активных рядов <= 2147483646 для представимости счетчиков","Через Config проверены 0, 2, -1, recovery и RectSet inactive. Отдельный builder test circle_count_v132 проверяет ранний предел суммы Long, но не миллиардное построение или практический лимит памяти.",
"Rebar.Diameter",,"rngCircleGeometry","Config!I90","UserInput","Double","mm","mm","20","20 пользовательских единиц длины при отсутствующем ключе; пустая существующая ячейка выключает ряд","Circle; пустой/0 выключает основной и зависимые ряды","Config.rngCircleGeometry -> CSystemSettingsReader -> CUnitSystem -> CSectionTypeRegistry -> CGeometryCircle / CCircleRebarLayoutBuilder","16 -> 20 мм: изменяется диаметр первого ряда и радиальное положение второго","modTestGeometryConfig.RunAudit03CircleConfigTests","docs/regression/Audit03/circle_config_v133_2026-10-03.txt; docs/regression/Audit03/geometry_config_full_off_v133_2026-10-03.txt; docs/regression/Audit03/geometry_config_full_on_v133_2026-10-03.txt","ActiveBehaviorAccepted:FullRangeReviewNotComplete",">= 0; активный диаметр должен помещаться при выбранном AxisDistance","Проверены активная мутация, пустое/0, -1, recovery, RectSet inactive. Проверка всего непрерывного диапазона не заявляется.",
"Rebar.Diameter2",,"rngCircleGeometry","Config!I92","UserInput","Double","mm","mm","","0 при отсутствующем ключе","Circle с активным первым рядом; пустое/0 выключает второй ряд","Config.rngCircleGeometry -> CSystemSettingsReader -> CUnitSystem -> CSectionTypeRegistry -> CGeometryCircle / CCircleRebarLayoutBuilder","12 -> 20 мм: изменяется диаметр второго ряда и позиция третьего при одинаковом положении рядов","modTestGeometryConfig.RunAudit03CircleConfigTests","docs/regression/Audit03/circle_config_v133_2026-10-03.txt; docs/regression/Audit03/geometry_config_full_off_v133_2026-10-03.txt; docs/regression/Audit03/geometry_config_full_on_v133_2026-10-03.txt","ActiveBehaviorAccepted:FullRangeReviewNotComplete",">= 0; стержень дополнительного ряда целиком должен помещаться внутри бетона","Проверены активная мутация, пустое/0, -1, recovery, RectSet inactive. Предельное размещение и ошибки формул остаются отдельными проверками.",
"Rebar.Diameter3",,"rngCircleGeometry","Config!I93","UserInput","Double","mm","mm","","0 при отсутствующем ключе","Circle с активным первым рядом; пустое/0 выключает третий ряд","Config.rngCircleGeometry -> CSystemSettingsReader -> CUnitSystem -> CSectionTypeRegistry -> CGeometryCircle / CCircleRebarLayoutBuilder","10 -> 14 мм: изменяется диаметр и радиальная позиция третьего ряда","modTestGeometryConfig.RunAudit03CircleConfigTests","docs/regression/Audit03/circle_config_v133_2026-10-03.txt; docs/regression/Audit03/geometry_config_full_off_v133_2026-10-03.txt; docs/regression/Audit03/geometry_config_full_on_v133_2026-10-03.txt","ActiveBehaviorAccepted:FullRangeReviewNotComplete",">= 0; стержень дополнительного ряда целиком должен помещаться внутри бетона","Проверены активная мутация, пустое/0, -1, recovery, RectSet inactive. Предельное размещение и ошибки формул остаются отдельными проверками.",
"Rebar.Loc2row",,"rngCircleGeometry","Config!I94","UserInput","Enum","-","-","Stacked","Stacked при отсутствующем ключе","Circle с активным первым и вторым рядом","Config.rngCircleGeometry -> CSystemSettingsReader -> CUnitSystem -> CSectionTypeRegistry -> CGeometryCircle / CCircleRebarLayoutBuilder","Stacked смещает внутрь по радиусу; SideBySide по касательной по часовой стрелке; третий ряд учитывает совпадение положений","modTestGeometryConfig.RunAudit03CircleConfigTests","docs/regression/Audit03/circle_config_v133_2026-10-03.txt; docs/regression/Audit03/geometry_config_full_off_v133_2026-10-03.txt; docs/regression/Audit03/geometry_config_full_on_v133_2026-10-03.txt","ActiveBehaviorAccepted:FullRangeReviewNotComplete","Stacked / SideBySide","Оба enum-варианта проверены по координатам, Unknown отклоняется, recovery/RectSet inactive проверены. Blank, error-cell и inactive второй ряд остаются отдельным gate.",
"Rebar.Loc3row",,"rngCircleGeometry","Config!I95","UserInput","Enum","-","-","Stacked","Stacked при отсутствующем ключе","Circle с активным первым и третьим рядом","Config.rngCircleGeometry -> CSystemSettingsReader -> CUnitSystem -> CSectionTypeRegistry -> CGeometryCircle / CCircleRebarLayoutBuilder","Меняется направление третьего ряда; при одинаковом положении рядов он перескакивает второй","modTestGeometryConfig.RunAudit03CircleConfigTests","docs/regression/Audit03/circle_config_v133_2026-10-03.txt; docs/regression/Audit03/geometry_config_full_off_v133_2026-10-03.txt; docs/regression/Audit03/geometry_config_full_on_v133_2026-10-03.txt","ActiveBehaviorAccepted:FullRangeReviewNotComplete","Stacked / SideBySide","Оба enum-варианта проверены по координатам, Unknown отклоняется, recovery/RectSet inactive проверены. Blank, error-cell и inactive третий ряд остаются отдельным gate.",
"Steel.R.ULS(I).Compression","Steel.Rsc.ULS","rngSteelMaterialParameters","Config!I19","UserInput","Double","MPa","МПа","350","Обязательный Config-ввод; runtime fallback отсутствует","ULS(I), сжатая ветвь обеих диаграмм","Фактическая таблица Config -> CSystemSettingsReader.LoadFromWorkbook -> CUnitSystem -> CMaterialModelProvider.Initialize -> physical spec; Rb,mc2 -> CLongitudinalCrackCalculator.CalculateFromStress","TwoLine плато -Rsc; ThreeLine плато -1.1*Rsc","modTestMaterialDiagrams.TestAudit03MaterialConfigBehavior","docs/regression/Audit03/material_config_v68_2026-10-02.txt; docs/regression/Audit03/full_no_v68_2026-10-02.txt; docs/regression/Audit03/full_yes_v68_2026-10-02.txt; docs/regression/Audit03/config_units_full_off_v71_2026-10-02.txt; docs/regression/Audit03/config_units_full_on_v71_2026-10-02.txt","ActiveBehaviorAccepted:FullRangeReviewNotComplete","> 0; порядок узлов выбранной диаграммы проверяется при построении","Смена +10% и шесть неверных вводов проверены. Полный допустимый диапазон, связанные положительные границы и все downstream consumers требуют отдельного evidence.",
"Steel.R.ULS(I).Tension","Steel.Rs.ULS","rngSteelMaterialParameters","Config!J19","UserInput","Double","MPa","МПа","350","Обязательный Config-ввод; runtime fallback отсутствует","ULS(I), растянутая ветвь обеих диаграмм","Фактическая таблица Config -> CSystemSettingsReader.LoadFromWorkbook -> CUnitSystem -> CMaterialModelProvider.Initialize -> physical spec; Rb,mc2 -> CLongitudinalCrackCalculator.CalculateFromStress","TwoLine плато Rs; ThreeLine плато 1.1*Rs","modTestMaterialDiagrams.TestAudit03MaterialConfigBehavior","docs/regression/Audit03/material_config_v68_2026-10-02.txt; docs/regression/Audit03/full_no_v68_2026-10-02.txt; docs/regression/Audit03/full_yes_v68_2026-10-02.txt; docs/regression/Audit03/config_units_full_off_v71_2026-10-02.txt; docs/regression/Audit03/config_units_full_on_v71_2026-10-02.txt","ActiveBehaviorAccepted:FullRangeReviewNotComplete","> 0; порядок узлов выбранной диаграммы проверяется при построении","Смена +10% и шесть неверных вводов проверены. Полный допустимый диапазон, связанные положительные границы и все downstream consumers требуют отдельного evidence.",
"Steel.R.SLS(II).Compression","Steel.Rsc.SLS","rngSteelMaterialParameters","Config!I20","UserInput","Double","MPa","МПа","390","Обязательный Config-ввод; runtime fallback отсутствует","SLS(II), сжатая ветвь обеих диаграмм","Фактическая таблица Config -> CSystemSettingsReader.LoadFromWorkbook -> CUnitSystem -> CMaterialModelProvider.Initialize -> physical spec; Rb,mc2 -> CLongitudinalCrackCalculator.CalculateFromStress","TwoLine плато -Rsc,ser; ThreeLine плато -1.1*Rsc,ser","modTestMaterialDiagrams.TestAudit03MaterialConfigBehavior","docs/regression/Audit03/material_config_v68_2026-10-02.txt; docs/regression/Audit03/full_no_v68_2026-10-02.txt; docs/regression/Audit03/full_yes_v68_2026-10-02.txt; docs/regression/Audit03/config_units_full_off_v71_2026-10-02.txt; docs/regression/Audit03/config_units_full_on_v71_2026-10-02.txt","ActiveBehaviorAccepted:FullRangeReviewNotComplete","> 0; порядок узлов выбранной диаграммы проверяется при построении","Смена +10% и шесть неверных вводов проверены. Полный допустимый диапазон, связанные положительные границы и все downstream consumers требуют отдельного evidence.",
"Steel.R.SLS(II).Tension","Steel.Rs.SLS","rngSteelMaterialParameters","Config!J20","UserInput","Double","MPa","МПа","390","Обязательный Config-ввод; runtime fallback отсутствует","SLS(II), растянутая ветвь обеих диаграмм","Фактическая таблица Config -> CSystemSettingsReader.LoadFromWorkbook -> CUnitSystem -> CMaterialModelProvider.Initialize -> physical spec; Rb,mc2 -> CLongitudinalCrackCalculator.CalculateFromStress","TwoLine плато Rs,ser; ThreeLine плато 1.1*Rs,ser","modTestMaterialDiagrams.TestAudit03MaterialConfigBehavior","docs/regression/Audit03/material_config_v68_2026-10-02.txt; docs/regression/Audit03/full_no_v68_2026-10-02.txt; docs/regression/Audit03/full_yes_v68_2026-10-02.txt; docs/regression/Audit03/config_units_full_off_v71_2026-10-02.txt; docs/regression/Audit03/config_units_full_on_v71_2026-10-02.txt","ActiveBehaviorAccepted:FullRangeReviewNotComplete","> 0; порядок узлов выбранной диаграммы проверяется при построении","Смена +10% и шесть неверных вводов проверены. Полный допустимый диапазон, связанные положительные границы и все downstream consumers требуют отдельного evidence.",
"Steel.E.Compression","Steel.Esc","rngSteelMaterialParameters","Config!I21","UserInput","Double","MPa","МПа","200000","Обязательный Config-ввод; runtime fallback отсутствует","Сжатая ветвь обеих диаграмм","Фактическая таблица Config -> CSystemSettingsReader.LoadFromWorkbook -> CUnitSystem -> CMaterialModelProvider.Initialize -> physical spec; Rb,mc2 -> CLongitudinalCrackCalculator.CalculateFromStress","Начальная сжатая жесткость и положение узлов R/E меняются","modTestMaterialDiagrams.TestAudit03MaterialConfigBehavior","docs/regression/Audit03/material_config_v68_2026-10-02.txt; docs/regression/Audit03/full_no_v68_2026-10-02.txt; docs/regression/Audit03/full_yes_v68_2026-10-02.txt; docs/regression/Audit03/config_units_full_off_v71_2026-10-02.txt; docs/regression/Audit03/config_units_full_on_v71_2026-10-02.txt","ActiveBehaviorAccepted:FullRangeReviewNotComplete","> 0; порядок узлов выбранной диаграммы проверяется при построении","Смена +10% и шесть неверных вводов проверены. Полный допустимый диапазон, связанные положительные границы и все downstream consumers требуют отдельного evidence.",
"Steel.E.Tension","Steel.Es","rngSteelMaterialParameters","Config!J21","UserInput","Double","MPa","МПа","200000","Обязательный Config-ввод; runtime fallback отсутствует","Растянутая ветвь обеих диаграмм","Фактическая таблица Config -> CSystemSettingsReader.LoadFromWorkbook -> CUnitSystem -> CMaterialModelProvider.Initialize -> physical spec; Rb,mc2 -> CLongitudinalCrackCalculator.CalculateFromStress","Начальная растянутая жесткость и положение узлов R/E меняются","modTestMaterialDiagrams.TestAudit03MaterialConfigBehavior","docs/regression/Audit03/material_config_v68_2026-10-02.txt; docs/regression/Audit03/full_no_v68_2026-10-02.txt; docs/regression/Audit03/full_yes_v68_2026-10-02.txt; docs/regression/Audit03/config_units_full_off_v71_2026-10-02.txt; docs/regression/Audit03/config_units_full_on_v71_2026-10-02.txt","ActiveBehaviorAccepted:FullRangeReviewNotComplete","> 0; порядок узлов выбранной диаграммы проверяется при построении","Смена +10% и шесть неверных вводов проверены. Полный допустимый диапазон, связанные положительные границы и все downstream consumers требуют отдельного evidence.",
"Steel.TwoLine.Es2.Compression","Steel.TwoLine.Esc2","rngSteelMaterialParameters","Config!I22","UserInput","Double","-","безразмерная","0.025","Обязательный Config-ввод; runtime fallback отсутствует","TwoLine, сжатие; ThreeLine неактивна","Фактическая таблица Config -> CSystemSettingsReader.LoadFromWorkbook -> CUnitSystem -> CMaterialModelProvider.Initialize -> physical spec; Rb,mc2 -> CLongitudinalCrackCalculator.CalculateFromStress","Предельная сжатая деформация TwoLine меняется","modTestMaterialDiagrams.TestAudit03MaterialConfigBehavior","docs/regression/Audit03/material_config_v68_2026-10-02.txt; docs/regression/Audit03/full_no_v68_2026-10-02.txt; docs/regression/Audit03/full_yes_v68_2026-10-02.txt; docs/regression/Audit03/config_units_full_off_v71_2026-10-02.txt; docs/regression/Audit03/config_units_full_on_v71_2026-10-02.txt","ActiveBehaviorAccepted:FullRangeReviewNotComplete","> 0; порядок узлов выбранной диаграммы проверяется при построении","Смена +10% и шесть неверных вводов проверены. Полный допустимый диапазон, связанные положительные границы и все downstream consumers требуют отдельного evidence.",
"Steel.TwoLine.Es2.Tension","Steel.TwoLine.Es2","rngSteelMaterialParameters","Config!J22","UserInput","Double","-","безразмерная","0.025","Обязательный Config-ввод; runtime fallback отсутствует","TwoLine, растяжение; ThreeLine неактивна","Фактическая таблица Config -> CSystemSettingsReader.LoadFromWorkbook -> CUnitSystem -> CMaterialModelProvider.Initialize -> physical spec; Rb,mc2 -> CLongitudinalCrackCalculator.CalculateFromStress","Предельная растянутая деформация TwoLine меняется","modTestMaterialDiagrams.TestAudit03MaterialConfigBehavior","docs/regression/Audit03/material_config_v68_2026-10-02.txt; docs/regression/Audit03/full_no_v68_2026-10-02.txt; docs/regression/Audit03/full_yes_v68_2026-10-02.txt; docs/regression/Audit03/config_units_full_off_v71_2026-10-02.txt; docs/regression/Audit03/config_units_full_on_v71_2026-10-02.txt","ActiveBehaviorAccepted:FullRangeReviewNotComplete","> 0; порядок узлов выбранной диаграммы проверяется при построении","Смена +10% и шесть неверных вводов проверены. Полный допустимый диапазон, связанные положительные границы и все downstream consumers требуют отдельного evidence.",
"Steel.ThreeLine.Es2.Compression","Steel.ThreeLine.Esc2","rngSteelMaterialParameters","Config!I23","UserInput","Double","-","безразмерная","0.015","Обязательный Config-ввод; runtime fallback отсутствует","ThreeLine, сжатие; TwoLine неактивна","Фактическая таблица Config -> CSystemSettingsReader.LoadFromWorkbook -> CUnitSystem -> CMaterialModelProvider.Initialize -> physical spec; Rb,mc2 -> CLongitudinalCrackCalculator.CalculateFromStress","Предельная сжатая деформация ThreeLine меняется","modTestMaterialDiagrams.TestAudit03MaterialConfigBehavior","docs/regression/Audit03/material_config_v68_2026-10-02.txt; docs/regression/Audit03/full_no_v68_2026-10-02.txt; docs/regression/Audit03/full_yes_v68_2026-10-02.txt; docs/regression/Audit03/config_units_full_off_v71_2026-10-02.txt; docs/regression/Audit03/config_units_full_on_v71_2026-10-02.txt","ActiveBehaviorAccepted:FullRangeReviewNotComplete","> 0; порядок узлов выбранной диаграммы проверяется при построении","Смена +10% и шесть неверных вводов проверены. Полный допустимый диапазон, связанные положительные границы и все downstream consumers требуют отдельного evidence.",
"Steel.ThreeLine.Es2.Tension","Steel.ThreeLine.Es2","rngSteelMaterialParameters","Config!J23","UserInput","Double","-","безразмерная","0.015","Обязательный Config-ввод; runtime fallback отсутствует","ThreeLine, растяжение; TwoLine неактивна","Фактическая таблица Config -> CSystemSettingsReader.LoadFromWorkbook -> CUnitSystem -> CMaterialModelProvider.Initialize -> physical spec; Rb,mc2 -> CLongitudinalCrackCalculator.CalculateFromStress","Предельная растянутая деформация ThreeLine меняется","modTestMaterialDiagrams.TestAudit03MaterialConfigBehavior","docs/regression/Audit03/material_config_v68_2026-10-02.txt; docs/regression/Audit03/full_no_v68_2026-10-02.txt; docs/regression/Audit03/full_yes_v68_2026-10-02.txt; docs/regression/Audit03/config_units_full_off_v71_2026-10-02.txt; docs/regression/Audit03/config_units_full_on_v71_2026-10-02.txt","ActiveBehaviorAccepted:FullRangeReviewNotComplete","> 0; порядок узлов выбранной диаграммы проверяется при построении","Смена +10% и шесть неверных вводов проверены. Полный допустимый диапазон, связанные положительные границы и все downstream consumers требуют отдельного evidence.",
"Concrete.R.ULS(I).Compression","Concrete.Rb.ULS","rngConcreteMaterialParameters","Config!I27","UserInput","Double","MPa","МПа","15.5","Обязательный Config-ввод; runtime fallback отсутствует","ULS(I), сжатая ветвь обеих диаграмм","Фактическая таблица Config -> CSystemSettingsReader.LoadFromWorkbook -> CUnitSystem -> CMaterialModelProvider.Initialize -> physical spec; Rb,mc2 -> CLongitudinalCrackCalculator.CalculateFromStress","Сжатое плато меняется пропорционально Rb","modTestMaterialDiagrams.TestAudit03MaterialConfigBehavior","docs/regression/Audit03/material_config_v68_2026-10-02.txt; docs/regression/Audit03/full_no_v68_2026-10-02.txt; docs/regression/Audit03/full_yes_v68_2026-10-02.txt; docs/regression/Audit03/config_units_full_off_v71_2026-10-02.txt; docs/regression/Audit03/config_units_full_on_v71_2026-10-02.txt","ActiveBehaviorAccepted:FullRangeReviewNotComplete","> 0; порядок узлов выбранной диаграммы проверяется при построении","Смена +10% и шесть неверных вводов проверены. Полный допустимый диапазон, связанные положительные границы и все downstream consumers требуют отдельного evidence.",
"Concrete.R.ULS(I).Tension","Concrete.Rbt.ULS","rngConcreteMaterialParameters","Config!J27","UserInput","Double","MPa","МПа","1.10","Обязательный Config-ввод; runtime fallback отсутствует","ULS(I) и UseDiagram; Ignore неактивен","Фактическая таблица Config -> CSystemSettingsReader.LoadFromWorkbook -> CUnitSystem -> CMaterialModelProvider.Initialize -> physical spec; Rb,mc2 -> CLongitudinalCrackCalculator.CalculateFromStress","Растянутое плато меняется пропорционально Rbt","modTestMaterialDiagrams.TestAudit03MaterialConfigBehavior","docs/regression/Audit03/material_config_v68_2026-10-02.txt; docs/regression/Audit03/full_no_v68_2026-10-02.txt; docs/regression/Audit03/full_yes_v68_2026-10-02.txt; docs/regression/Audit03/config_units_full_off_v71_2026-10-02.txt; docs/regression/Audit03/config_units_full_on_v71_2026-10-02.txt","ActiveBehaviorAccepted:FullRangeReviewNotComplete","> 0; порядок узлов выбранной диаграммы проверяется при построении","Смена +10% и шесть неверных вводов проверены. Полный допустимый диапазон, связанные положительные границы и все downstream consumers требуют отдельного evidence.",
"Concrete.R.SLS(II).Compression","Concrete.Rb.SLS","rngConcreteMaterialParameters","Config!I28","UserInput","Double","MPa","МПа","22.0","Обязательный Config-ввод; runtime fallback отсутствует","SLS(II), сжатая ветвь обеих диаграмм","Фактическая таблица Config -> CSystemSettingsReader.LoadFromWorkbook -> CUnitSystem -> CMaterialModelProvider.Initialize -> physical spec; Rb,mc2 -> CLongitudinalCrackCalculator.CalculateFromStress","Сжатое плато меняется пропорционально Rb,ser","modTestMaterialDiagrams.TestAudit03MaterialConfigBehavior","docs/regression/Audit03/material_config_v68_2026-10-02.txt; docs/regression/Audit03/full_no_v68_2026-10-02.txt; docs/regression/Audit03/full_yes_v68_2026-10-02.txt; docs/regression/Audit03/config_units_full_off_v71_2026-10-02.txt; docs/regression/Audit03/config_units_full_on_v71_2026-10-02.txt","ActiveBehaviorAccepted:FullRangeReviewNotComplete","> 0; порядок узлов выбранной диаграммы проверяется при построении","Смена +10% и шесть неверных вводов проверены. Полный допустимый диапазон, связанные положительные границы и все downstream consumers требуют отдельного evidence.",
"Concrete.R.SLS(II).Tension","Concrete.Rbt.SLS","rngConcreteMaterialParameters","Config!J28","UserInput","Double","MPa","МПа","1.80","Обязательный Config-ввод; runtime fallback отсутствует","SLS(II) и UseDiagram; Ignore неактивен","Фактическая таблица Config -> CSystemSettingsReader.LoadFromWorkbook -> CUnitSystem -> CMaterialModelProvider.Initialize -> physical spec; Rb,mc2 -> CLongitudinalCrackCalculator.CalculateFromStress","Растянутое плато меняется пропорционально Rbt,ser","modTestMaterialDiagrams.TestAudit03MaterialConfigBehavior","docs/regression/Audit03/material_config_v68_2026-10-02.txt; docs/regression/Audit03/full_no_v68_2026-10-02.txt; docs/regression/Audit03/full_yes_v68_2026-10-02.txt; docs/regression/Audit03/config_units_full_off_v71_2026-10-02.txt; docs/regression/Audit03/config_units_full_on_v71_2026-10-02.txt","ActiveBehaviorAccepted:FullRangeReviewNotComplete","> 0; порядок узлов выбранной диаграммы проверяется при построении","Смена +10% и шесть неверных вводов проверены. Полный допустимый диапазон, связанные положительные границы и все downstream consumers требуют отдельного evidence.",
"Concrete.Rb.mc2.Compression","Concrete.Rb.mc2","rngConcreteMaterialParameters","Config!I29","UserInput","Double","MPa","МПа","14.6","Обязательный Config-ввод; runtime fallback отсутствует","Продольные трещины при наличии сжатого бетона; не параметр диаграммы","Фактическая таблица Config -> CSystemSettingsReader.LoadFromWorkbook -> CUnitSystem -> CMaterialModelProvider.Initialize -> physical spec; Rb,mc2 -> CLongitudinalCrackCalculator.CalculateFromStress","15/Rb,mc2 меняется; проверка переходит FAIL -> OK без изменения диаграмм","modTestMaterialDiagrams.TestAudit03MaterialConfigBehavior","docs/regression/Audit03/material_config_v68_2026-10-02.txt; docs/regression/Audit03/full_no_v68_2026-10-02.txt; docs/regression/Audit03/full_yes_v68_2026-10-02.txt; docs/regression/Audit03/config_units_full_off_v71_2026-10-02.txt; docs/regression/Audit03/config_units_full_on_v71_2026-10-02.txt","ActiveBehaviorAccepted:FullRangeReviewNotComplete","> 0; порядок узлов выбранной диаграммы проверяется при построении","Смена +10% и шесть неверных вводов проверены. Полный допустимый диапазон, связанные положительные границы и все downstream consumers требуют отдельного evidence.",
"Concrete.Rb.mc2.Tension",,"rngConcreteMaterialParameters","Config!J29","NotEditable:NotApplicableCell","TextOrNumber:PendingContractReview","MPa","PendingPerFieldReview","-","PendingCallSiteReview","Selected material, value set, sign branch and TwoLine/ThreeLine model","CSystemSettingsReader -> CMaterialModelProvider -> material spec / solver / engineering calculators","PendingDirectedBehaviorTest","NotRun","NotRun","Inventoried:BehaviorNotAccepted",,,
"Concrete.E.Compression","Concrete.Eb","rngConcreteMaterialParameters","Config!I30","UserInput","Double","MPa","МПа","32500","Обязательный Config-ввод; runtime fallback отсутствует","ThreeLine: начальная жесткость; обе диаграммы: справочный модуль; TwoLine не меняет физические узлы","Фактическая таблица Config -> CSystemSettingsReader.LoadFromWorkbook -> CUnitSystem -> CMaterialModelProvider.Initialize -> physical spec; Rb,mc2 -> CLongitudinalCrackCalculator.CalculateFromStress","ThreeLine tangent меняется пропорционально Eb; справочный модуль получает новый Eb","modTestMaterialDiagrams.TestAudit03MaterialConfigBehavior","docs/regression/Audit03/material_config_v68_2026-10-02.txt; docs/regression/Audit03/full_no_v68_2026-10-02.txt; docs/regression/Audit03/full_yes_v68_2026-10-02.txt; docs/regression/Audit03/config_units_full_off_v71_2026-10-02.txt; docs/regression/Audit03/config_units_full_on_v71_2026-10-02.txt","ActiveBehaviorAccepted:FullRangeReviewNotComplete","> 0; порядок узлов выбранной диаграммы проверяется при построении","Смена +10% и шесть неверных вводов проверены. Полный допустимый диапазон, связанные положительные границы и все downstream consumers требуют отдельного evidence.",
"Concrete.E.Tension","Concrete.Ebt","rngConcreteMaterialParameters","Config!J30","UserInput","Double","MPa","МПа","32500","Обязательный Config-ввод; runtime fallback отсутствует","ThreeLine и UseDiagram; TwoLine и Ignore неактивны для физических узлов","Фактическая таблица Config -> CSystemSettingsReader.LoadFromWorkbook -> CUnitSystem -> CMaterialModelProvider.Initialize -> physical spec; Rb,mc2 -> CLongitudinalCrackCalculator.CalculateFromStress","Начальная растянутая жесткость меняется пропорционально Ebt","modTestMaterialDiagrams.TestAudit03MaterialConfigBehavior","docs/regression/Audit03/material_config_v68_2026-10-02.txt; docs/regression/Audit03/full_no_v68_2026-10-02.txt; docs/regression/Audit03/full_yes_v68_2026-10-02.txt; docs/regression/Audit03/config_units_full_off_v71_2026-10-02.txt; docs/regression/Audit03/config_units_full_on_v71_2026-10-02.txt","ActiveBehaviorAccepted:FullRangeReviewNotComplete","> 0; порядок узлов выбранной диаграммы проверяется при построении","Смена +10% и шесть неверных вводов проверены. Полный допустимый диапазон, связанные положительные границы и все downstream consumers требуют отдельного evidence.",
"Concrete.TwoLine.Eb1Red.Compression","Concrete.Eb1Red","rngConcreteMaterialParameters","Config!I31","UserInput","Double","-","безразмерная","0.0015","Обязательный Config-ввод; runtime fallback отсутствует","TwoLine, сжатая ветвь; ThreeLine неактивна","Фактическая таблица Config -> CSystemSettingsReader.LoadFromWorkbook -> CUnitSystem -> CMaterialModelProvider.Initialize -> physical spec; Rb,mc2 -> CLongitudinalCrackCalculator.CalculateFromStress","Сжатый узел начала плато меняется; сопротивление не меняется","modTestMaterialDiagrams.TestAudit03MaterialConfigBehavior","docs/regression/Audit03/material_config_v68_2026-10-02.txt; docs/regression/Audit03/full_no_v68_2026-10-02.txt; docs/regression/Audit03/full_yes_v68_2026-10-02.txt; docs/regression/Audit03/config_units_full_off_v71_2026-10-02.txt; docs/regression/Audit03/config_units_full_on_v71_2026-10-02.txt","ActiveBehaviorAccepted:FullRangeReviewNotComplete","> 0; порядок узлов выбранной диаграммы проверяется при построении","Смена +10% и шесть неверных вводов проверены. Полный допустимый диапазон, связанные положительные границы и все downstream consumers требуют отдельного evidence.",
"Concrete.TwoLine.Eb1Red.Tension","Concrete.Ebt1Red","rngConcreteMaterialParameters","Config!J31","UserInput","Double","-","безразмерная","0.00008","Обязательный Config-ввод; runtime fallback отсутствует","TwoLine и UseDiagram; ThreeLine/Ignore неактивны","Фактическая таблица Config -> CSystemSettingsReader.LoadFromWorkbook -> CUnitSystem -> CMaterialModelProvider.Initialize -> physical spec; Rb,mc2 -> CLongitudinalCrackCalculator.CalculateFromStress","Растянутый узел начала плато меняется; сопротивление не меняется","modTestMaterialDiagrams.TestAudit03MaterialConfigBehavior","docs/regression/Audit03/material_config_v68_2026-10-02.txt; docs/regression/Audit03/full_no_v68_2026-10-02.txt; docs/regression/Audit03/full_yes_v68_2026-10-02.txt; docs/regression/Audit03/config_units_full_off_v71_2026-10-02.txt; docs/regression/Audit03/config_units_full_on_v71_2026-10-02.txt","ActiveBehaviorAccepted:FullRangeReviewNotComplete","> 0; порядок узлов выбранной диаграммы проверяется при построении","Смена +10% и шесть неверных вводов проверены. Полный допустимый диапазон, связанные положительные границы и все downstream consumers требуют отдельного evidence.",
"Concrete.ThreeLine.Eb0.Compression","Concrete.Eb0","rngConcreteMaterialParameters","Config!I32","UserInput","Double","-","безразмерная","0.002","Обязательный Config-ввод; runtime fallback отсутствует","ThreeLine, сжатая ветвь; TwoLine неактивна","Фактическая таблица Config -> CSystemSettingsReader.LoadFromWorkbook -> CUnitSystem -> CMaterialModelProvider.Initialize -> physical spec; Rb,mc2 -> CLongitudinalCrackCalculator.CalculateFromStress","Сжатый узел начала плато меняется; сопротивление не меняется","modTestMaterialDiagrams.TestAudit03MaterialConfigBehavior","docs/regression/Audit03/material_config_v68_2026-10-02.txt; docs/regression/Audit03/full_no_v68_2026-10-02.txt; docs/regression/Audit03/full_yes_v68_2026-10-02.txt; docs/regression/Audit03/config_units_full_off_v71_2026-10-02.txt; docs/regression/Audit03/config_units_full_on_v71_2026-10-02.txt","ActiveBehaviorAccepted:FullRangeReviewNotComplete","> 0; порядок узлов выбранной диаграммы проверяется при построении","Смена +10% и шесть неверных вводов проверены. Полный допустимый диапазон, связанные положительные границы и все downstream consumers требуют отдельного evidence.",
"Concrete.ThreeLine.Eb0.Tension","Concrete.Ebt0","rngConcreteMaterialParameters","Config!J32","UserInput","Double","-","безразмерная","0.0001","Обязательный Config-ввод; runtime fallback отсутствует","ThreeLine и UseDiagram; TwoLine/Ignore неактивны для физических узлов","Фактическая таблица Config -> CSystemSettingsReader.LoadFromWorkbook -> CUnitSystem -> CMaterialModelProvider.Initialize -> physical spec; Rb,mc2 -> CLongitudinalCrackCalculator.CalculateFromStress","Растянутый узел начала плато меняется; отдельный Formation consumer требует своей приемки","modTestMaterialDiagrams.TestAudit03MaterialConfigBehavior","docs/regression/Audit03/material_config_v68_2026-10-02.txt; docs/regression/Audit03/full_no_v68_2026-10-02.txt; docs/regression/Audit03/full_yes_v68_2026-10-02.txt; docs/regression/Audit03/config_units_full_off_v71_2026-10-02.txt; docs/regression/Audit03/config_units_full_on_v71_2026-10-02.txt","ActiveBehaviorAccepted:FullRangeReviewNotComplete","> 0; порядок узлов выбранной диаграммы проверяется при построении","Смена +10% и шесть неверных вводов проверены. Полный допустимый диапазон, связанные положительные границы и все downstream consumers требуют отдельного evidence.",
"Concrete.TwoThreeLine.Eb2.Compression","Concrete.Eb2","rngConcreteMaterialParameters","Config!I33","UserInput","Double","-","безразмерная","0.0035","Обязательный Config-ввод; runtime fallback отсутствует","Физический предел сжатия обеих диаграмм","Фактическая таблица Config -> CSystemSettingsReader.LoadFromWorkbook -> CUnitSystem -> CMaterialModelProvider.Initialize -> physical spec; Rb,mc2 -> CLongitudinalCrackCalculator.CalculateFromStress","Физическая предельная деформация меняется без подмены сопротивления","modTestMaterialDiagrams.TestAudit03MaterialConfigBehavior","docs/regression/Audit03/material_config_v68_2026-10-02.txt; docs/regression/Audit03/full_no_v68_2026-10-02.txt; docs/regression/Audit03/full_yes_v68_2026-10-02.txt; docs/regression/Audit03/config_units_full_off_v71_2026-10-02.txt; docs/regression/Audit03/config_units_full_on_v71_2026-10-02.txt","ActiveBehaviorAccepted:FullRangeReviewNotComplete","> 0; порядок узлов выбранной диаграммы проверяется при построении","Смена +10% и шесть неверных вводов проверены. Полный допустимый диапазон, связанные положительные границы и все downstream consumers требуют отдельного evidence.",
"Concrete.TwoThreeLine.Eb2.Tension","Concrete.Ebt2","rngConcreteMaterialParameters","Config!J33","UserInput","Double","-","безразмерная","0.00015","Обязательный Config-ввод; runtime fallback отсутствует","Физический предел растяжения при UseDiagram; Ignore неактивен","Фактическая таблица Config -> CSystemSettingsReader.LoadFromWorkbook -> CUnitSystem -> CMaterialModelProvider.Initialize -> physical spec; Rb,mc2 -> CLongitudinalCrackCalculator.CalculateFromStress","Физическая предельная деформация меняется; Ignore сохраняет нулевую ветвь","modTestMaterialDiagrams.TestAudit03MaterialConfigBehavior","docs/regression/Audit03/material_config_v68_2026-10-02.txt; docs/regression/Audit03/full_no_v68_2026-10-02.txt; docs/regression/Audit03/full_yes_v68_2026-10-02.txt; docs/regression/Audit03/config_units_full_off_v71_2026-10-02.txt; docs/regression/Audit03/config_units_full_on_v71_2026-10-02.txt","ActiveBehaviorAccepted:FullRangeReviewNotComplete","> 0; порядок узлов выбранной диаграммы проверяется при построении","Смена +10% и шесть неверных вводов проверены. Полный допустимый диапазон, связанные положительные границы и все downstream consumers требуют отдельного evidence.",
"Units.Length.Input","Units.Length.Input","rngUnitSettings","Config!I4","UserInput","Enum","-","мм","mm","Обязательный key полной книги; автономный partial API имеет программный default mm.","Геометрия и размерные настройки читаются из пользовательских ячеек","Config -> CSystemSettingsReader/CUnitSystem -> geometry/material/solver/crack/stability -> real workbook scenario -> Results","Эквивалентные размеры, сетка, cover, allowable, offset и L дают одно физическое сечение и одинаковые активные результаты","modTestWorkbookInterface.TestAudit03UnitSignChoices + TestAudit03InputUnitConsumers","docs/regression/Audit03/unit_sign_choices_positive_v71_2026-10-02.txt; docs/regression/Audit03/input_units_v75_2026-10-02.txt; docs/regression/Audit03/config_units_comments_full_off_v77b_2026-10-02.txt; docs/regression/Audit03/config_units_comments_full_on_v77b_2026-10-02.txt","ActiveBehaviorAccepted:FullRangeReviewNotComplete","mm / cm / m","Все три enum в сквозной серии четырех форм. Числа/статусы/ResultComment и save/reopen проверены. Не blanket PASS остальных размерных настроек либо Config.",
"Units.Length.Output","Units.Length.Output","rngUnitSettings","Config!K4","UserInput","Enum","-","мм","m","Все keys обязательны в полной книге. Отсутствующий key автономного partial API имеет программный default CUnitSystem.","Представление уже рассчитанного snapshot; solver не запускается","Config -> CSystemSettingsReader -> CUnitSystem -> CLoadCombinationReader/Batch/State -> CNDMResultsWriter/CBatchResultWriter","Вывод координат, размеров, диаметра и crack length в Results","modTestWorkbookInterface.TestAudit03UnitSignChoices + TestAudit03UnitSignEquivalence","docs/regression/Audit03/unit_sign_choices_positive_v71_2026-10-02.txt; docs/regression/Audit03/unit_sign_equivalence_v71_2026-10-02.txt; docs/regression/Audit03/config_units_full_off_v71_2026-10-02.txt; docs/regression/Audit03/config_units_full_on_v71_2026-10-02.txt","ActiveBehaviorAccepted:FullRangeReviewNotComplete","mm / cm / m","Все допустимые enum варианты и неверный ввод проверены. 72 эквивалентных расчета, component-specific tolerance, actual writer и save/reopen. Полная Config-приемка не заявлена.",
"Units.Area.Input","Units.Area.Input","rngUnitSettings","Config!I5","UserInput","Enum","-","мм2","mm2","Обязательный key полной книги; отсутствующее поле частичного автономного API имеет программный default mm2.","Порог площади при новом импорте AutoCAD; сами Region не масштабируются через INPUT. При расчете сохраненной импортной геометрии MinArea повторно не применяется.","Config -> CSystemSettingsReader/CUnitSystem -> CAutoCADSectionModelImporter.ImportConfiguredModelSpace -> ImportFromModelSpace -> CSectionModel -> Results geometry preview / реальный Calculate","25 mm2 / 0.25 cm2 / 0.000025 m2 отбирают одинаковые Region с включительной границей. Пропуск адаптера в отдельном нижнеуровневом тестовом call меняет отбор, доказывая активность настройки.","modTestWorkbookInterface.TestAudit03InputAreaImportFilter + TestAudit03ImportedSnapshotUnitChanges","docs/regression/Audit03/input_area_import_v79_2026-10-02.txt; docs/regression/Audit03/imported_snapshot_unit_changes_v81_2026-10-02.txt; docs/regression/Audit03/config_import_units_full_off_v83b_2026-10-02.txt; docs/regression/Audit03/config_import_units_full_on_v83b_2026-10-02.txt","ActiveBehaviorAccepted:FullRangeReviewNotComplete","mm2 / cm2 / m2","Все три единицы при порогах 0, 25 и 24.998 mm2. Проверены число Region, handle граничного стержня, неизменные координаты/A/I в мм и чтение Config units при опущенном optional units. INPUT/OUTPUT меняются в девяти import-to-calculation переходах, source/no-solve/save-reopen проверены.",
"Units.Area.Output","Units.Area.Output","rngUnitSettings","Config!K5","UserInput","Enum","-","мм2","m2","Все keys обязательны в полной книге. Отсутствующий key автономного partial API имеет программный default CUnitSystem.","Представление уже рассчитанного snapshot; solver не запускается","Config -> CSystemSettingsReader -> CUnitSystem -> CLoadCombinationReader/Batch/State -> CNDMResultsWriter/CBatchResultWriter","Вывод площадей и моментов инерции в Results","modTestWorkbookInterface.TestAudit03UnitSignChoices + TestAudit03UnitSignEquivalence","docs/regression/Audit03/unit_sign_choices_positive_v71_2026-10-02.txt; docs/regression/Audit03/unit_sign_equivalence_v71_2026-10-02.txt; docs/regression/Audit03/config_units_full_off_v71_2026-10-02.txt; docs/regression/Audit03/config_units_full_on_v71_2026-10-02.txt","ActiveBehaviorAccepted:FullRangeReviewNotComplete","mm2 / cm2 / m2","Все допустимые enum варианты и неверный ввод проверены. 72 эквивалентных расчета, component-specific tolerance, actual writer и save/reopen. Полная Config-приемка не заявлена.",
"Units.Force.Input","Units.Force.Input","rngUnitSettings","Config!I6","UserInput","Enum","-","Н","tf","Все keys обязательны в полной книге. Отсутствующий key автономного partial API имеет программный default CUnitSystem.","Чтение/вывод LC в активных strength/crack сценариях","Config -> CSystemSettingsReader -> CUnitSystem -> CLoadCombinationReader/Batch/State -> CNDMResultsWriter/CBatchResultWriter","Внешние LC преобразуются к одному N; внутреннее равновесие и named states совпадают","modTestWorkbookInterface.TestAudit03UnitSignChoices + TestAudit03UnitSignEquivalence","docs/regression/Audit03/unit_sign_choices_positive_v71_2026-10-02.txt; docs/regression/Audit03/unit_sign_equivalence_v71_2026-10-02.txt; docs/regression/Audit03/config_units_full_off_v71_2026-10-02.txt; docs/regression/Audit03/config_units_full_on_v71_2026-10-02.txt","ActiveBehaviorAccepted:FullRangeReviewNotComplete","N / kN / tf","Все допустимые enum варианты и неверный ввод проверены. 72 эквивалентных расчета, component-specific tolerance, actual writer и save/reopen. Полная Config-приемка не заявлена.",
"Units.Force.Output","Units.Force.Output","rngUnitSettings","Config!K6","UserInput","Enum","-","Н","tf","Все keys обязательны в полной книге. Отсутствующий key автономного partial API имеет программный default CUnitSystem.","Представление уже рассчитанного snapshot; solver не запускается","Config -> CSystemSettingsReader -> CUnitSystem -> CLoadCombinationReader/Batch/State -> CNDMResultsWriter/CBatchResultWriter","Изменение вывода N и физических порогов без нового solve","modTestWorkbookInterface.TestAudit03UnitSignChoices + TestAudit03UnitSignEquivalence","docs/regression/Audit03/unit_sign_choices_positive_v71_2026-10-02.txt; docs/regression/Audit03/unit_sign_equivalence_v71_2026-10-02.txt; docs/regression/Audit03/config_units_full_off_v71_2026-10-02.txt; docs/regression/Audit03/config_units_full_on_v71_2026-10-02.txt","ActiveBehaviorAccepted:FullRangeReviewNotComplete","N / kN / tf","Все допустимые enum варианты и неверный ввод проверены. 72 эквивалентных расчета, component-specific tolerance, actual writer и save/reopen. Полная Config-приемка не заявлена.",
"Units.Moment.Input","Units.Moment.Input","rngUnitSettings","Config!I7","UserInput","Enum","-","Н*мм","tf*m","Все keys обязательны в полной книге. Отсутствующий key автономного partial API имеет программный default CUnitSystem.","Чтение/вывод LC в активных strength/crack сценариях","Config -> CSystemSettingsReader -> CUnitSystem -> CLoadCombinationReader/Batch/State -> CNDMResultsWriter/CBatchResultWriter","Внешние Mx/My преобразуются к одному внутреннему заданию","modTestWorkbookInterface.TestAudit03UnitSignChoices + TestAudit03UnitSignEquivalence","docs/regression/Audit03/unit_sign_choices_positive_v71_2026-10-02.txt; docs/regression/Audit03/unit_sign_equivalence_v71_2026-10-02.txt; docs/regression/Audit03/config_units_full_off_v71_2026-10-02.txt; docs/regression/Audit03/config_units_full_on_v71_2026-10-02.txt","ActiveBehaviorAccepted:FullRangeReviewNotComplete","N*mm / kN*m / tf*m","Все допустимые enum варианты и неверный ввод проверены. 72 эквивалентных расчета, component-specific tolerance, actual writer и save/reopen. Полная Config-приемка не заявлена.",
"Units.Moment.Output","Units.Moment.Output","rngUnitSettings","Config!K7","UserInput","Enum","-","Н*мм","tf*m","Все keys обязательны в полной книге. Отсутствующий key автономного partial API имеет программный default CUnitSystem.","Представление уже рассчитанного snapshot; solver не запускается","Config -> CSystemSettingsReader -> CUnitSystem -> CLoadCombinationReader/Batch/State -> CNDMResultsWriter/CBatchResultWriter","Изменение вывода Mx/My и moment magnitude без нового solve","modTestWorkbookInterface.TestAudit03UnitSignChoices + TestAudit03UnitSignEquivalence","docs/regression/Audit03/unit_sign_choices_positive_v71_2026-10-02.txt; docs/regression/Audit03/unit_sign_equivalence_v71_2026-10-02.txt; docs/regression/Audit03/config_units_full_off_v71_2026-10-02.txt; docs/regression/Audit03/config_units_full_on_v71_2026-10-02.txt","ActiveBehaviorAccepted:FullRangeReviewNotComplete","N*mm / kN*m / tf*m","Все допустимые enum варианты и неверный ввод проверены. 72 эквивалентных расчета, component-specific tolerance, actual writer и save/reopen. Полная Config-приемка не заявлена.",
"Units.Stress.Input","Units.Stress.Input","rngUnitSettings","Config!I8","UserInput","Enum","-","МПа","MPa","Обязательный key полной книги; автономный partial API имеет программный default MPa.","Материальные сопротивления и Eb/Es из Config участвуют в реальном расчете","Config -> CSystemSettingsReader/CUnitSystem -> geometry/material/solver/crack/stability -> real workbook scenario -> Results","Независимое приведение чисел материалов дает одинаковые диаграммы, НДС и активные strength/crack/stability результаты","modTestWorkbookInterface.TestAudit03UnitSignChoices + TestAudit03InputUnitConsumers","docs/regression/Audit03/unit_sign_choices_positive_v71_2026-10-02.txt; docs/regression/Audit03/input_units_v75_2026-10-02.txt; docs/regression/Audit03/config_units_comments_full_off_v77b_2026-10-02.txt; docs/regression/Audit03/config_units_comments_full_on_v77b_2026-10-02.txt","ActiveBehaviorAccepted:FullRangeReviewNotComplete","MPa / Pa / kPa / kgf/cm2 / tf/m2","Все пять enum в сквозной серии. Для Ixy/Ixyc около нуля только новый test-oracle допускает 8*2^-52*sqrt(Ix*Iy); остальные сравнения и исторические solver tolerance не меняются.",
"Units.Stress.Output","Units.Stress.Output","rngUnitSettings","Config!K8","UserInput","Enum","-","МПа","MPa","Все keys обязательны в полной книге. Отсутствующий key автономного partial API имеет программный default CUnitSystem.","Представление уже рассчитанного snapshot; solver не запускается","Config -> CSystemSettingsReader -> CUnitSystem -> CLoadCombinationReader/Batch/State -> CNDMResultsWriter/CBatchResultWriter","Вывод всех element stresses и расчетных properties без смены материальных знаков","modTestWorkbookInterface.TestAudit03UnitSignChoices + TestAudit03UnitSignEquivalence","docs/regression/Audit03/unit_sign_choices_positive_v71_2026-10-02.txt; docs/regression/Audit03/unit_sign_equivalence_v71_2026-10-02.txt; docs/regression/Audit03/config_units_full_off_v71_2026-10-02.txt; docs/regression/Audit03/config_units_full_on_v71_2026-10-02.txt","ActiveBehaviorAccepted:FullRangeReviewNotComplete","Pa / kPa / MPa / kgf/cm2 / tf/m2","Все допустимые enum варианты и неверный ввод проверены. 72 эквивалентных расчета, component-specific tolerance, actual writer и save/reopen. Полная Config-приемка не заявлена.",
"Units.Curvature.Input","Units.Curvature.Input","rngUnitSettings","Config!I9","UserInput","Enum","-","1/мм","1/mm","Обязательный key полной книги; отсутствующее поле частичного автономного API имеет программный default 1/mm.","Активен при ненулевом Solver.MaxDeltaKappa; при нулевом ограничителе смена единицы не должна менять решение.","Config -> CSystemSettingsReader/CUnitSystem -> Solver.MaxDeltaKappa -> реальное Solve","1e-7 1/mm и 1e-4 1/m дают одинаковые физические пределы приращения, аналитические кривизны и число итераций 22/7 вместо свободных 2. Тестовое исключение адаптера наблюдаемо снимает ограничитель.","modTestSectionSolver.TestAudit03InputCurvatureBinding","docs/regression/Audit03/input_curvature_binding_v78_2026-10-02.txt; docs/regression/Audit03/config_import_units_full_off_v83b_2026-10-02.txt; docs/regression/Audit03/config_import_units_full_on_v83b_2026-10-02.txt","ActiveBehaviorAccepted:FullRangeReviewNotComplete","1/mm / 1/m","Две единицы x два solver method x две оси. Независимая аналитика дискретной сетки, N/Mx/My residual и eps0 проверены. Допуски production и исторических тестов не менялись; UnitSettings восстанавливаются, directed save/reopen=True.",
"Units.Curvature.Output","Units.Curvature.Output","rngUnitSettings","Config!K9","UserInput","Enum","-","1/мм","1/mm","Все keys обязательны в полной книге. Отсутствующий key автономного partial API имеет программный default CUnitSystem.","Представление уже рассчитанного snapshot; solver не запускается","Config -> CSystemSettingsReader -> CUnitSystem -> CLoadCombinationReader/Batch/State -> CNDMResultsWriter/CBatchResultWriter","Перевод KappaX/Y без инвертирования внутренних осей","modTestWorkbookInterface.TestAudit03UnitSignChoices + TestAudit03UnitSignEquivalence","docs/regression/Audit03/unit_sign_choices_positive_v71_2026-10-02.txt; docs/regression/Audit03/unit_sign_equivalence_v71_2026-10-02.txt; docs/regression/Audit03/config_units_full_off_v71_2026-10-02.txt; docs/regression/Audit03/config_units_full_on_v71_2026-10-02.txt","ActiveBehaviorAccepted:FullRangeReviewNotComplete","1/mm / 1/m","Все допустимые enum варианты и неверный ввод проверены. 72 эквивалентных расчета, component-specific tolerance, actual writer и save/reopen. Полная Config-приемка не заявлена.",
"Signs.+N","Sign.N.User","rngSignConventionSettings","Config!I13","UserInput","Enum","-","Н","Compression","Все keys обязательны в полной книге. Отсутствующий key автономного partial API имеет программный default CUnitSystem.","Чтение/вывод LC в активных strength/crack сценариях","Config -> CSystemSettingsReader -> CUnitSystem -> CLoadCombinationReader/Batch/State -> CNDMResultsWriter/CBatchResultWriter","Перевод знака N INPUT/OUTPUT, все восемь сочетаний трех знаков","modTestWorkbookInterface.TestAudit03UnitSignChoices + TestAudit03UnitSignEquivalence","docs/regression/Audit03/unit_sign_choices_positive_v71_2026-10-02.txt; docs/regression/Audit03/unit_sign_equivalence_v71_2026-10-02.txt; docs/regression/Audit03/config_units_full_off_v71_2026-10-02.txt; docs/regression/Audit03/config_units_full_on_v71_2026-10-02.txt","ActiveBehaviorAccepted:FullRangeReviewNotComplete","Tension / Compression","Все допустимые enum варианты и неверный ввод проверены. 72 эквивалентных расчета, component-specific tolerance, actual writer и save/reopen. Полная Config-приемка не заявлена.",
"Signs.+Mx","Sign.Mx.User","rngSignConventionSettings","Config!I14","UserInput","Enum","-","Н*мм","+Y tension","Все keys обязательны в полной книге. Отсутствующий key автономного partial API имеет программный default CUnitSystem.","Чтение/вывод LC в активных strength/crack сценариях","Config -> CSystemSettingsReader -> CUnitSystem -> CLoadCombinationReader/Batch/State -> CNDMResultsWriter/CBatchResultWriter","Перевод знака Mx INPUT/OUTPUT при неизменных Strain/Stress/Kappa","modTestWorkbookInterface.TestAudit03UnitSignChoices + TestAudit03UnitSignEquivalence","docs/regression/Audit03/unit_sign_choices_positive_v71_2026-10-02.txt; docs/regression/Audit03/unit_sign_equivalence_v71_2026-10-02.txt; docs/regression/Audit03/config_units_full_off_v71_2026-10-02.txt; docs/regression/Audit03/config_units_full_on_v71_2026-10-02.txt","ActiveBehaviorAccepted:FullRangeReviewNotComplete","+Y tension / -Y tension","Все допустимые enum варианты и неверный ввод проверены. 72 эквивалентных расчета, component-specific tolerance, actual writer и save/reopen. Полная Config-приемка не заявлена.",
"Signs.+My","Sign.My.User","rngSignConventionSettings","Config!I15","UserInput","Enum","-","Н*мм","+X tension","Все keys обязательны в полной книге. Отсутствующий key автономного partial API имеет программный default CUnitSystem.","Чтение/вывод LC в активных strength/crack сценариях","Config -> CSystemSettingsReader -> CUnitSystem -> CLoadCombinationReader/Batch/State -> CNDMResultsWriter/CBatchResultWriter","Перевод знака My INPUT/OUTPUT при неизменных Strain/Stress/Kappa","modTestWorkbookInterface.TestAudit03UnitSignChoices + TestAudit03UnitSignEquivalence","docs/regression/Audit03/unit_sign_choices_positive_v71_2026-10-02.txt; docs/regression/Audit03/unit_sign_equivalence_v71_2026-10-02.txt; docs/regression/Audit03/config_units_full_off_v71_2026-10-02.txt; docs/regression/Audit03/config_units_full_on_v71_2026-10-02.txt","ActiveBehaviorAccepted:FullRangeReviewNotComplete","+X tension / -X tension","Все допустимые enum варианты и неверный ввод проверены. 72 эквивалентных расчета, component-specific tolerance, actual writer и save/reopen. Полная Config-приемка не заявлена.",
"PR1.Profile.DisplayName",,"rngCalculationProfiles","Config!J39","UserInput","Profile label/alias","-","-","PR1","Имя вводится в таблице профилей; технический ID PR остается стабильным","Имя используется в ProfileId реальной строки LC","CCalculationProfileCatalog -> реальный LC reader/CBatchSectionCalculator -> State/Search/Engineering calculators -> canonical results и summary writers; writer не выполняет solve","Catalog и Batch разрешают измененное имя в правильный технический PR и выполняют физическое НДС","modTestProfileConfig.RunAudit03ProfileConfigTests","docs/regression/Audit03/profile_config_v175_2026-10-03.txt; docs/regression/Audit03/relocated_input_v176_2026-10-03.txt; docs/regression/Audit03/full_off_profile_config_v176b_2026-10-03.txt; docs/regression/Audit03/full_on_profile_config_v176_2026-10-03.txt","ActiveBehaviorAccepted:FullRangeReviewNotComplete","Непустое пользовательское имя; правила конфликтов остаются у каталога","Четыре активных переименования с настоящим LC reader и сохранением MaterialSpec. Profile.Description проверен только как поясняющие metadata и не включен в active behavior evidence",
"PR2.Profile.DisplayName",,"rngCalculationProfiles","Config!K39","UserInput","Profile label/alias","-","-","PR2","Имя вводится в таблице профилей; технический ID PR остается стабильным","Имя используется в ProfileId реальной строки LC","CCalculationProfileCatalog -> реальный LC reader/CBatchSectionCalculator -> State/Search/Engineering calculators -> canonical results и summary writers; writer не выполняет solve","Catalog и Batch разрешают измененное имя в правильный технический PR и выполняют физическое НДС","modTestProfileConfig.RunAudit03ProfileConfigTests","docs/regression/Audit03/profile_config_v175_2026-10-03.txt; docs/regression/Audit03/relocated_input_v176_2026-10-03.txt; docs/regression/Audit03/full_off_profile_config_v176b_2026-10-03.txt; docs/regression/Audit03/full_on_profile_config_v176_2026-10-03.txt","ActiveBehaviorAccepted:FullRangeReviewNotComplete","Непустое пользовательское имя; правила конфликтов остаются у каталога","Четыре активных переименования с настоящим LC reader и сохранением MaterialSpec. Profile.Description проверен только как поясняющие metadata и не включен в active behavior evidence",
"PR3.Profile.DisplayName",,"rngCalculationProfiles","Config!L39","UserInput","Profile label/alias","-","-","PR3","Имя вводится в таблице профилей; технический ID PR остается стабильным","Имя используется в ProfileId реальной строки LC","CCalculationProfileCatalog -> реальный LC reader/CBatchSectionCalculator -> State/Search/Engineering calculators -> canonical results и summary writers; writer не выполняет solve","Catalog и Batch разрешают измененное имя в правильный технический PR и выполняют физическое НДС","modTestProfileConfig.RunAudit03ProfileConfigTests","docs/regression/Audit03/profile_config_v175_2026-10-03.txt; docs/regression/Audit03/relocated_input_v176_2026-10-03.txt; docs/regression/Audit03/full_off_profile_config_v176b_2026-10-03.txt; docs/regression/Audit03/full_on_profile_config_v176_2026-10-03.txt","ActiveBehaviorAccepted:FullRangeReviewNotComplete","Непустое пользовательское имя; правила конфликтов остаются у каталога","Четыре активных переименования с настоящим LC reader и сохранением MaterialSpec. Profile.Description проверен только как поясняющие metadata и не включен в active behavior evidence",
"PR4.Profile.DisplayName",,"rngCalculationProfiles","Config!M39","UserInput","Profile label/alias","-","-","PR4","Имя вводится в таблице профилей; технический ID PR остается стабильным","Имя используется в ProfileId реальной строки LC","CCalculationProfileCatalog -> реальный LC reader/CBatchSectionCalculator -> State/Search/Engineering calculators -> canonical results и summary writers; writer не выполняет solve","Catalog и Batch разрешают измененное имя в правильный технический PR и выполняют физическое НДС","modTestProfileConfig.RunAudit03ProfileConfigTests","docs/regression/Audit03/profile_config_v175_2026-10-03.txt; docs/regression/Audit03/relocated_input_v176_2026-10-03.txt; docs/regression/Audit03/full_off_profile_config_v176b_2026-10-03.txt; docs/regression/Audit03/full_on_profile_config_v176_2026-10-03.txt","ActiveBehaviorAccepted:FullRangeReviewNotComplete","Непустое пользовательское имя; правила конфликтов остаются у каталога","Четыре активных переименования с настоящим LC reader и сохранением MaterialSpec. Profile.Description проверен только как поясняющие metadata и не включен в active behavior evidence",
"PR1.Profile.Description",,"rngCalculationProfiles","Config!J40","UserInput","TextOrNumber:PendingContractReview","-","PendingPerFieldReview","Прочность, несущая способность и устойчивость","PendingCallSiteReview","LC selects this ProfileId; own calculation or visualization role","CCalculationProfileCatalog -> batch / material spec / snapshot presentation","PendingDirectedBehaviorTest","NotRun","NotRun","Inventoried:BehaviorNotAccepted",,,
"PR2.Profile.Description",,"rngCalculationProfiles","Config!K40","UserInput","TextOrNumber:PendingContractReview","-","PendingPerFieldReview","Расчет раскрытия нормальных и продольных трещин","PendingCallSiteReview","LC selects this ProfileId; own calculation or visualization role","CCalculationProfileCatalog -> batch / material spec / snapshot presentation","PendingDirectedBehaviorTest","NotRun","NotRun","Inventoried:BehaviorNotAccepted",,,
"PR3.Profile.Description",,"rngCalculationProfiles","Config!L40","UserInput","TextOrNumber:PendingContractReview","-","PendingPerFieldReview","Прочность, capacity и трещины","PendingCallSiteReview","LC selects this ProfileId; own calculation or visualization role","CCalculationProfileCatalog -> batch / material spec / snapshot presentation","PendingDirectedBehaviorTest","NotRun","NotRun","Inventoried:BehaviorNotAccepted",,,
"PR4.Profile.Description",,"rngCalculationProfiles","Config!M40","UserInput","TextOrNumber:PendingContractReview","-","PendingPerFieldReview","Только прямое НДС по прочности","PendingCallSiteReview","LC selects this ProfileId; own calculation or visualization role","CCalculationProfileCatalog -> batch / material spec / snapshot presentation","PendingDirectedBehaviorTest","NotRun","NotRun","Inventoried:BehaviorNotAccepted",,,
"PR1.Calculation.Strength.DirectState",,"rngCalculationProfiles","Config!J42","UserInput","Boolean selector","-","-","Yes","Обязательное значение Yes/No и утвержденные Boolean aliases; ошибочный ввод не выключает расчет молча","Профиль назначен строке LC; собственная активная ветвь и все попарные/групповые сочетания четырех запросов","CCalculationProfileCatalog -> реальные CBatchSectionCalculator/calculators -> canonical typed result-tree -> CBatchResultWriter и detailed writers","Прямое НДС: конечное состояние и Calculated при Yes; NotRequested при No","modTestLoadTableConfig.RunAudit03ProfileFailureScopeTests","docs/regression/Audit03/profile_scope_final_v173_2026-10-03.txt; docs/regression/Audit03/full_off_profile_scope_final_v173_2026-10-03.txt; docs/regression/Audit03/full_on_profile_scope_final_v173_2026-10-03.txt","ActiveBehaviorAccepted:FullRangeReviewNotComplete","Yes/No; True/False; 1/0; Да/Нет. Переключатель определяет запрос своего расчета, не физическую применимость","Для PR1 выполнены все 16 масок четырех Boolean-переключателей, включая mask0/15, реальные входные ошибки, recovery и исполнение активных ветвей. Точности/физика не менялись. Каждый численный material/presentation параметр профиля проверяется отдельно; full Config acceptance не заявляется.",
"PR2.Calculation.Strength.DirectState",,"rngCalculationProfiles","Config!K42","UserInput","Boolean selector","-","-","No","Обязательное значение Yes/No и утвержденные Boolean aliases; ошибочный ввод не выключает расчет молча","Профиль назначен строке LC; собственная активная ветвь и все попарные/групповые сочетания четырех запросов","CCalculationProfileCatalog -> реальные CBatchSectionCalculator/calculators -> canonical typed result-tree -> CBatchResultWriter и detailed writers","Прямое НДС: конечное состояние и Calculated при Yes; NotRequested при No","modTestLoadTableConfig.RunAudit03ProfileFailureScopeTests","docs/regression/Audit03/profile_scope_final_v173_2026-10-03.txt; docs/regression/Audit03/full_off_profile_scope_final_v173_2026-10-03.txt; docs/regression/Audit03/full_on_profile_scope_final_v173_2026-10-03.txt","ActiveBehaviorAccepted:FullRangeReviewNotComplete","Yes/No; True/False; 1/0; Да/Нет. Переключатель определяет запрос своего расчета, не физическую применимость","Для PR2 выполнены все 16 масок четырех Boolean-переключателей, включая mask0/15, реальные входные ошибки, recovery и исполнение активных ветвей. Точности/физика не менялись. Каждый численный material/presentation параметр профиля проверяется отдельно; full Config acceptance не заявляется.",
"PR3.Calculation.Strength.DirectState",,"rngCalculationProfiles","Config!L42","UserInput","Boolean selector","-","-","Yes","Обязательное значение Yes/No и утвержденные Boolean aliases; ошибочный ввод не выключает расчет молча","Профиль назначен строке LC; собственная активная ветвь и все попарные/групповые сочетания четырех запросов","CCalculationProfileCatalog -> реальные CBatchSectionCalculator/calculators -> canonical typed result-tree -> CBatchResultWriter и detailed writers","Прямое НДС: конечное состояние и Calculated при Yes; NotRequested при No","modTestLoadTableConfig.RunAudit03ProfileFailureScopeTests","docs/regression/Audit03/profile_scope_final_v173_2026-10-03.txt; docs/regression/Audit03/full_off_profile_scope_final_v173_2026-10-03.txt; docs/regression/Audit03/full_on_profile_scope_final_v173_2026-10-03.txt","ActiveBehaviorAccepted:FullRangeReviewNotComplete","Yes/No; True/False; 1/0; Да/Нет. Переключатель определяет запрос своего расчета, не физическую применимость","Для PR3 выполнены все 16 масок четырех Boolean-переключателей, включая mask0/15, реальные входные ошибки, recovery и исполнение активных ветвей. Точности/физика не менялись. Каждый численный material/presentation параметр профиля проверяется отдельно; full Config acceptance не заявляется.",
"PR4.Calculation.Strength.DirectState",,"rngCalculationProfiles","Config!M42","UserInput","Boolean selector","-","-","Yes","Обязательное значение Yes/No и утвержденные Boolean aliases; ошибочный ввод не выключает расчет молча","Профиль назначен строке LC; собственная активная ветвь и все попарные/групповые сочетания четырех запросов","CCalculationProfileCatalog -> реальные CBatchSectionCalculator/calculators -> canonical typed result-tree -> CBatchResultWriter и detailed writers","Прямое НДС: конечное состояние и Calculated при Yes; NotRequested при No","modTestLoadTableConfig.RunAudit03ProfileFailureScopeTests","docs/regression/Audit03/profile_scope_final_v173_2026-10-03.txt; docs/regression/Audit03/full_off_profile_scope_final_v173_2026-10-03.txt; docs/regression/Audit03/full_on_profile_scope_final_v173_2026-10-03.txt","ActiveBehaviorAccepted:FullRangeReviewNotComplete","Yes/No; True/False; 1/0; Да/Нет. Переключатель определяет запрос своего расчета, не физическую применимость","Для PR4 выполнены все 16 масок четырех Boolean-переключателей, включая mask0/15, реальные входные ошибки, recovery и исполнение активных ветвей. Точности/физика не менялись. Каждый численный material/presentation параметр профиля проверяется отдельно; full Config acceptance не заявляется.",
"PR1.Calculation.Strength.Capacity",,"rngCalculationProfiles","Config!J43","UserInput","Boolean selector","-","-","Yes","Обязательное значение Yes/No и утвержденные Boolean aliases; ошибочный ввод не выключает расчет молча","Профиль назначен строке LC; собственная активная ветвь и все попарные/групповые сочетания четырех запросов","CCalculationProfileCatalog -> реальные CBatchSectionCalculator/calculators -> canonical typed result-tree -> CBatchResultWriter и detailed writers","Несущая: вычисленная положительная lambda при Yes; NotRequested при No; нулевой физический путь отдельно NotApplicable","modTestLoadTableConfig.RunAudit03ProfileFailureScopeTests","docs/regression/Audit03/profile_scope_final_v173_2026-10-03.txt; docs/regression/Audit03/full_off_profile_scope_final_v173_2026-10-03.txt; docs/regression/Audit03/full_on_profile_scope_final_v173_2026-10-03.txt","ActiveBehaviorAccepted:FullRangeReviewNotComplete","Yes/No; True/False; 1/0; Да/Нет. Переключатель определяет запрос своего расчета, не физическую применимость","Для PR1 выполнены все 16 масок четырех Boolean-переключателей, включая mask0/15, реальные входные ошибки, recovery и исполнение активных ветвей. Точности/физика не менялись. Каждый численный material/presentation параметр профиля проверяется отдельно; full Config acceptance не заявляется.",
"PR2.Calculation.Strength.Capacity",,"rngCalculationProfiles","Config!K43","UserInput","Boolean selector","-","-","No","Обязательное значение Yes/No и утвержденные Boolean aliases; ошибочный ввод не выключает расчет молча","Профиль назначен строке LC; собственная активная ветвь и все попарные/групповые сочетания четырех запросов","CCalculationProfileCatalog -> реальные CBatchSectionCalculator/calculators -> canonical typed result-tree -> CBatchResultWriter и detailed writers","Несущая: вычисленная положительная lambda при Yes; NotRequested при No; нулевой физический путь отдельно NotApplicable","modTestLoadTableConfig.RunAudit03ProfileFailureScopeTests","docs/regression/Audit03/profile_scope_final_v173_2026-10-03.txt; docs/regression/Audit03/full_off_profile_scope_final_v173_2026-10-03.txt; docs/regression/Audit03/full_on_profile_scope_final_v173_2026-10-03.txt","ActiveBehaviorAccepted:FullRangeReviewNotComplete","Yes/No; True/False; 1/0; Да/Нет. Переключатель определяет запрос своего расчета, не физическую применимость","Для PR2 выполнены все 16 масок четырех Boolean-переключателей, включая mask0/15, реальные входные ошибки, recovery и исполнение активных ветвей. Точности/физика не менялись. Каждый численный material/presentation параметр профиля проверяется отдельно; full Config acceptance не заявляется.",
"PR3.Calculation.Strength.Capacity",,"rngCalculationProfiles","Config!L43","UserInput","Boolean selector","-","-","Yes","Обязательное значение Yes/No и утвержденные Boolean aliases; ошибочный ввод не выключает расчет молча","Профиль назначен строке LC; собственная активная ветвь и все попарные/групповые сочетания четырех запросов","CCalculationProfileCatalog -> реальные CBatchSectionCalculator/calculators -> canonical typed result-tree -> CBatchResultWriter и detailed writers","Несущая: вычисленная положительная lambda при Yes; NotRequested при No; нулевой физический путь отдельно NotApplicable","modTestLoadTableConfig.RunAudit03ProfileFailureScopeTests","docs/regression/Audit03/profile_scope_final_v173_2026-10-03.txt; docs/regression/Audit03/full_off_profile_scope_final_v173_2026-10-03.txt; docs/regression/Audit03/full_on_profile_scope_final_v173_2026-10-03.txt","ActiveBehaviorAccepted:FullRangeReviewNotComplete","Yes/No; True/False; 1/0; Да/Нет. Переключатель определяет запрос своего расчета, не физическую применимость","Для PR3 выполнены все 16 масок четырех Boolean-переключателей, включая mask0/15, реальные входные ошибки, recovery и исполнение активных ветвей. Точности/физика не менялись. Каждый численный material/presentation параметр профиля проверяется отдельно; full Config acceptance не заявляется.",
"PR4.Calculation.Strength.Capacity",,"rngCalculationProfiles","Config!M43","UserInput","Boolean selector","-","-","No","Обязательное значение Yes/No и утвержденные Boolean aliases; ошибочный ввод не выключает расчет молча","Профиль назначен строке LC; собственная активная ветвь и все попарные/групповые сочетания четырех запросов","CCalculationProfileCatalog -> реальные CBatchSectionCalculator/calculators -> canonical typed result-tree -> CBatchResultWriter и detailed writers","Несущая: вычисленная положительная lambda при Yes; NotRequested при No; нулевой физический путь отдельно NotApplicable","modTestLoadTableConfig.RunAudit03ProfileFailureScopeTests","docs/regression/Audit03/profile_scope_final_v173_2026-10-03.txt; docs/regression/Audit03/full_off_profile_scope_final_v173_2026-10-03.txt; docs/regression/Audit03/full_on_profile_scope_final_v173_2026-10-03.txt","ActiveBehaviorAccepted:FullRangeReviewNotComplete","Yes/No; True/False; 1/0; Да/Нет. Переключатель определяет запрос своего расчета, не физическую применимость","Для PR4 выполнены все 16 масок четырех Boolean-переключателей, включая mask0/15, реальные входные ошибки, recovery и исполнение активных ветвей. Точности/физика не менялись. Каждый численный material/presentation параметр профиля проверяется отдельно; full Config acceptance не заявляется.",
"PR1.Calculation.Crack.Width",,"rngCalculationProfiles","Config!J44","UserInput","Boolean selector","-","-","No","Обязательное значение Yes/No и утвержденные Boolean aliases; ошибочный ввод не выключает расчет молча","Профиль назначен строке LC; собственная активная ветвь и все попарные/групповые сочетания четырех запросов","CCalculationProfileCatalog -> реальные CBatchSectionCalculator/calculators -> canonical typed result-tree -> CBatchResultWriter и detailed writers","Formation и CurrentCrackedState выполняются при Yes; все crack leaves NotRequested при No","modTestLoadTableConfig.RunAudit03ProfileFailureScopeTests","docs/regression/Audit03/profile_scope_final_v173_2026-10-03.txt; docs/regression/Audit03/full_off_profile_scope_final_v173_2026-10-03.txt; docs/regression/Audit03/full_on_profile_scope_final_v173_2026-10-03.txt","ActiveBehaviorAccepted:FullRangeReviewNotComplete","Yes/No; True/False; 1/0; Да/Нет. Переключатель определяет запрос своего расчета, не физическую применимость","Для PR1 выполнены все 16 масок четырех Boolean-переключателей, включая mask0/15, реальные входные ошибки, recovery и исполнение активных ветвей. Точности/физика не менялись. Каждый численный material/presentation параметр профиля проверяется отдельно; full Config acceptance не заявляется.",
"PR2.Calculation.Crack.Width",,"rngCalculationProfiles","Config!K44","UserInput","Boolean selector","-","-","Yes","Обязательное значение Yes/No и утвержденные Boolean aliases; ошибочный ввод не выключает расчет молча","Профиль назначен строке LC; собственная активная ветвь и все попарные/групповые сочетания четырех запросов","CCalculationProfileCatalog -> реальные CBatchSectionCalculator/calculators -> canonical typed result-tree -> CBatchResultWriter и detailed writers","Formation и CurrentCrackedState выполняются при Yes; все crack leaves NotRequested при No","modTestLoadTableConfig.RunAudit03ProfileFailureScopeTests","docs/regression/Audit03/profile_scope_final_v173_2026-10-03.txt; docs/regression/Audit03/full_off_profile_scope_final_v173_2026-10-03.txt; docs/regression/Audit03/full_on_profile_scope_final_v173_2026-10-03.txt","ActiveBehaviorAccepted:FullRangeReviewNotComplete","Yes/No; True/False; 1/0; Да/Нет. Переключатель определяет запрос своего расчета, не физическую применимость","Для PR2 выполнены все 16 масок четырех Boolean-переключателей, включая mask0/15, реальные входные ошибки, recovery и исполнение активных ветвей. Точности/физика не менялись. Каждый численный material/presentation параметр профиля проверяется отдельно; full Config acceptance не заявляется.",
"PR3.Calculation.Crack.Width",,"rngCalculationProfiles","Config!L44","UserInput","Boolean selector","-","-","Yes","Обязательное значение Yes/No и утвержденные Boolean aliases; ошибочный ввод не выключает расчет молча","Профиль назначен строке LC; собственная активная ветвь и все попарные/групповые сочетания четырех запросов","CCalculationProfileCatalog -> реальные CBatchSectionCalculator/calculators -> canonical typed result-tree -> CBatchResultWriter и detailed writers","Formation и CurrentCrackedState выполняются при Yes; все crack leaves NotRequested при No","modTestLoadTableConfig.RunAudit03ProfileFailureScopeTests","docs/regression/Audit03/profile_scope_final_v173_2026-10-03.txt; docs/regression/Audit03/full_off_profile_scope_final_v173_2026-10-03.txt; docs/regression/Audit03/full_on_profile_scope_final_v173_2026-10-03.txt","ActiveBehaviorAccepted:FullRangeReviewNotComplete","Yes/No; True/False; 1/0; Да/Нет. Переключатель определяет запрос своего расчета, не физическую применимость","Для PR3 выполнены все 16 масок четырех Boolean-переключателей, включая mask0/15, реальные входные ошибки, recovery и исполнение активных ветвей. Точности/физика не менялись. Каждый численный material/presentation параметр профиля проверяется отдельно; full Config acceptance не заявляется.",
"PR4.Calculation.Crack.Width",,"rngCalculationProfiles","Config!M44","UserInput","Boolean selector","-","-","No","Обязательное значение Yes/No и утвержденные Boolean aliases; ошибочный ввод не выключает расчет молча","Профиль назначен строке LC; собственная активная ветвь и все попарные/групповые сочетания четырех запросов","CCalculationProfileCatalog -> реальные CBatchSectionCalculator/calculators -> canonical typed result-tree -> CBatchResultWriter и detailed writers","Formation и CurrentCrackedState выполняются при Yes; все crack leaves NotRequested при No","modTestLoadTableConfig.RunAudit03ProfileFailureScopeTests","docs/regression/Audit03/profile_scope_final_v173_2026-10-03.txt; docs/regression/Audit03/full_off_profile_scope_final_v173_2026-10-03.txt; docs/regression/Audit03/full_on_profile_scope_final_v173_2026-10-03.txt","ActiveBehaviorAccepted:FullRangeReviewNotComplete","Yes/No; True/False; 1/0; Да/Нет. Переключатель определяет запрос своего расчета, не физическую применимость","Для PR4 выполнены все 16 масок четырех Boolean-переключателей, включая mask0/15, реальные входные ошибки, recovery и исполнение активных ветвей. Точности/физика не менялись. Каждый численный material/presentation параметр профиля проверяется отдельно; full Config acceptance не заявляется.",
"PR1.Calculation.Stability.Enabled",,"rngCalculationProfiles","Config!J45","UserInput","Boolean selector","-","-","Yes","Обязательное значение Yes/No и утвержденные Boolean aliases; ошибочный ввод не выключает расчет молча","Профиль назначен строке LC; собственная активная ветвь и все попарные/групповые сочетания четырех запросов","CCalculationProfileCatalog -> реальные CBatchSectionCalculator/calculators -> canonical typed result-tree -> CBatchResultWriter и detailed writers","При Yes выполнен calculator с фактическим нормативным кодом и физической неприменимостью растяжения; при No NotRequested","modTestLoadTableConfig.RunAudit03ProfileFailureScopeTests","docs/regression/Audit03/profile_scope_final_v173_2026-10-03.txt; docs/regression/Audit03/full_off_profile_scope_final_v173_2026-10-03.txt; docs/regression/Audit03/full_on_profile_scope_final_v173_2026-10-03.txt","ActiveBehaviorAccepted:FullRangeReviewNotComplete","Yes/No; True/False; 1/0; Да/Нет. Переключатель определяет запрос своего расчета, не физическую применимость","Для PR1 выполнены все 16 масок четырех Boolean-переключателей, включая mask0/15, реальные входные ошибки, recovery и исполнение активных ветвей. Точности/физика не менялись. Каждый численный material/presentation параметр профиля проверяется отдельно; full Config acceptance не заявляется.",
"PR2.Calculation.Stability.Enabled",,"rngCalculationProfiles","Config!K45","UserInput","Boolean selector","-","-","No","Обязательное значение Yes/No и утвержденные Boolean aliases; ошибочный ввод не выключает расчет молча","Профиль назначен строке LC; собственная активная ветвь и все попарные/групповые сочетания четырех запросов","CCalculationProfileCatalog -> реальные CBatchSectionCalculator/calculators -> canonical typed result-tree -> CBatchResultWriter и detailed writers","При Yes выполнен calculator с фактическим нормативным кодом и физической неприменимостью растяжения; при No NotRequested","modTestLoadTableConfig.RunAudit03ProfileFailureScopeTests","docs/regression/Audit03/profile_scope_final_v173_2026-10-03.txt; docs/regression/Audit03/full_off_profile_scope_final_v173_2026-10-03.txt; docs/regression/Audit03/full_on_profile_scope_final_v173_2026-10-03.txt","ActiveBehaviorAccepted:FullRangeReviewNotComplete","Yes/No; True/False; 1/0; Да/Нет. Переключатель определяет запрос своего расчета, не физическую применимость","Для PR2 выполнены все 16 масок четырех Boolean-переключателей, включая mask0/15, реальные входные ошибки, recovery и исполнение активных ветвей. Точности/физика не менялись. Каждый численный material/presentation параметр профиля проверяется отдельно; full Config acceptance не заявляется.",
"PR3.Calculation.Stability.Enabled",,"rngCalculationProfiles","Config!L45","UserInput","Boolean selector","-","-","No","Обязательное значение Yes/No и утвержденные Boolean aliases; ошибочный ввод не выключает расчет молча","Профиль назначен строке LC; собственная активная ветвь и все попарные/групповые сочетания четырех запросов","CCalculationProfileCatalog -> реальные CBatchSectionCalculator/calculators -> canonical typed result-tree -> CBatchResultWriter и detailed writers","При Yes выполнен calculator с фактическим нормативным кодом и физической неприменимостью растяжения; при No NotRequested","modTestLoadTableConfig.RunAudit03ProfileFailureScopeTests","docs/regression/Audit03/profile_scope_final_v173_2026-10-03.txt; docs/regression/Audit03/full_off_profile_scope_final_v173_2026-10-03.txt; docs/regression/Audit03/full_on_profile_scope_final_v173_2026-10-03.txt","ActiveBehaviorAccepted:FullRangeReviewNotComplete","Yes/No; True/False; 1/0; Да/Нет. Переключатель определяет запрос своего расчета, не физическую применимость","Для PR3 выполнены все 16 масок четырех Boolean-переключателей, включая mask0/15, реальные входные ошибки, recovery и исполнение активных ветвей. Точности/физика не менялись. Каждый численный material/presentation параметр профиля проверяется отдельно; full Config acceptance не заявляется.",
"PR4.Calculation.Stability.Enabled",,"rngCalculationProfiles","Config!M45","UserInput","Boolean selector","-","-","No","Обязательное значение Yes/No и утвержденные Boolean aliases; ошибочный ввод не выключает расчет молча","Профиль назначен строке LC; собственная активная ветвь и все попарные/групповые сочетания четырех запросов","CCalculationProfileCatalog -> реальные CBatchSectionCalculator/calculators -> canonical typed result-tree -> CBatchResultWriter и detailed writers","При Yes выполнен calculator с фактическим нормативным кодом и физической неприменимостью растяжения; при No NotRequested","modTestLoadTableConfig.RunAudit03ProfileFailureScopeTests","docs/regression/Audit03/profile_scope_final_v173_2026-10-03.txt; docs/regression/Audit03/full_off_profile_scope_final_v173_2026-10-03.txt; docs/regression/Audit03/full_on_profile_scope_final_v173_2026-10-03.txt","ActiveBehaviorAccepted:FullRangeReviewNotComplete","Yes/No; True/False; 1/0; Да/Нет. Переключатель определяет запрос своего расчета, не физическую применимость","Для PR4 выполнены все 16 масок четырех Boolean-переключателей, включая mask0/15, реальные входные ошибки, recovery и исполнение активных ветвей. Точности/физика не менялись. Каждый численный material/presentation параметр профиля проверяется отдельно; full Config acceptance не заявляется.",
"PR1.MaterialModel.Stability.ValueSet",,"rngCalculationProfiles","Config!J47","UserInput","Material value-set enum","-","-","ULS(I)","Обязателен при активной устойчивости; нет подстановки неверного текста","Назначенный профиль, Calculation.Stability.Enabled=Yes","CCalculationProfileCatalog -> реальный LC reader/CBatchSectionCalculator -> State/Search/Engineering calculators -> canonical results и summary writers; writer не выполняет solve","Реальная ветвь SP35-table, положительный Nultimate, больший Nultimate для fixture SLS с большими Rb/Rsc; без State solve","modTestProfileConfig.RunAudit03ProfileConfigTests","docs/regression/Audit03/profile_config_v175_2026-10-03.txt; docs/regression/Audit03/relocated_input_v176_2026-10-03.txt; docs/regression/Audit03/full_off_profile_config_v176b_2026-10-03.txt; docs/regression/Audit03/full_on_profile_config_v176_2026-10-03.txt","ActiveBehaviorAccepted:FullRangeReviewNotComplete","ULS(I), SLS(II)","Оба набора проверены на контролируемой таблице 7.21, реальном calculator и comments/writers. Это проверка передачи spec, не новая нормативная верификация СП",
"PR2.MaterialModel.Stability.ValueSet",,"rngCalculationProfiles","Config!K47","UserInput","Material value-set enum","-","-","ULS(I)","Обязателен при активной устойчивости; нет подстановки неверного текста","Назначенный профиль, Calculation.Stability.Enabled=Yes","CCalculationProfileCatalog -> реальный LC reader/CBatchSectionCalculator -> State/Search/Engineering calculators -> canonical results и summary writers; writer не выполняет solve","Реальная ветвь SP35-table, положительный Nultimate, больший Nultimate для fixture SLS с большими Rb/Rsc; без State solve","modTestProfileConfig.RunAudit03ProfileConfigTests","docs/regression/Audit03/profile_config_v175_2026-10-03.txt; docs/regression/Audit03/relocated_input_v176_2026-10-03.txt; docs/regression/Audit03/full_off_profile_config_v176b_2026-10-03.txt; docs/regression/Audit03/full_on_profile_config_v176_2026-10-03.txt","ActiveBehaviorAccepted:FullRangeReviewNotComplete","ULS(I), SLS(II)","Оба набора проверены на контролируемой таблице 7.21, реальном calculator и comments/writers. Это проверка передачи spec, не новая нормативная верификация СП",
"PR3.MaterialModel.Stability.ValueSet",,"rngCalculationProfiles","Config!L47","UserInput","Material value-set enum","-","-","ULS(I)","Обязателен при активной устойчивости; нет подстановки неверного текста","Назначенный профиль, Calculation.Stability.Enabled=Yes","CCalculationProfileCatalog -> реальный LC reader/CBatchSectionCalculator -> State/Search/Engineering calculators -> canonical results и summary writers; writer не выполняет solve","Реальная ветвь SP35-table, положительный Nultimate, больший Nultimate для fixture SLS с большими Rb/Rsc; без State solve","modTestProfileConfig.RunAudit03ProfileConfigTests","docs/regression/Audit03/profile_config_v175_2026-10-03.txt; docs/regression/Audit03/relocated_input_v176_2026-10-03.txt; docs/regression/Audit03/full_off_profile_config_v176b_2026-10-03.txt; docs/regression/Audit03/full_on_profile_config_v176_2026-10-03.txt","ActiveBehaviorAccepted:FullRangeReviewNotComplete","ULS(I), SLS(II)","Оба набора проверены на контролируемой таблице 7.21, реальном calculator и comments/writers. Это проверка передачи spec, не новая нормативная верификация СП",
"PR4.MaterialModel.Stability.ValueSet",,"rngCalculationProfiles","Config!M47","UserInput","Material value-set enum","-","-","ULS(I)","Обязателен при активной устойчивости; нет подстановки неверного текста","Назначенный профиль, Calculation.Stability.Enabled=Yes","CCalculationProfileCatalog -> реальный LC reader/CBatchSectionCalculator -> State/Search/Engineering calculators -> canonical results и summary writers; writer не выполняет solve","Реальная ветвь SP35-table, положительный Nultimate, больший Nultimate для fixture SLS с большими Rb/Rsc; без State solve","modTestProfileConfig.RunAudit03ProfileConfigTests","docs/regression/Audit03/profile_config_v175_2026-10-03.txt; docs/regression/Audit03/relocated_input_v176_2026-10-03.txt; docs/regression/Audit03/full_off_profile_config_v176b_2026-10-03.txt; docs/regression/Audit03/full_on_profile_config_v176_2026-10-03.txt","ActiveBehaviorAccepted:FullRangeReviewNotComplete","ULS(I), SLS(II)","Оба набора проверены на контролируемой таблице 7.21, реальном calculator и comments/writers. Это проверка передачи spec, не новая нормативная верификация СП",
"PR1.MaterialModel.Strength.ValueSet",,"rngCalculationProfiles","Config!J49","UserInput","Material enum","-","-","ULS(I)","В Config нет подстановки неизвестного или частично пустого spec; полностью пустой spec остается ненастроенным, активную роль проверяет профиль","Назначенный LC с DirectState или Capacity","CCalculationProfileCatalog -> реальный LC reader/CBatchSectionCalculator -> State/Search/Engineering calculators -> canonical results и summary writers; writer не выполняет solve","Фактический MaterialSpec соответствующего State и независимый пересчет N/Mx/My по выбранным диаграммам; текущий State учитывает effective Extension, конечные предельные states физические","modTestProfileConfig.RunAudit03ProfileConfigTests","docs/regression/Audit03/profile_config_v175_2026-10-03.txt; docs/regression/Audit03/relocated_input_v176_2026-10-03.txt; docs/regression/Audit03/full_off_profile_config_v176b_2026-10-03.txt; docs/regression/Audit03/full_on_profile_config_v176_2026-10-03.txt","ActiveBehaviorAccepted:FullRangeReviewNotComplete","ULS(I), SLS(II)","Все допустимые варианты активной роли проверены отдельно на реальном Catalog -> Batch -> calculators. 88 material cases, компонентные допуски 0.01 Н/1 Н*мм; full-range/pairwise/mutation остальных настроек еще открыты",
"PR2.MaterialModel.Strength.ValueSet",,"rngCalculationProfiles","Config!K49","UserInput","Material enum","-","-","ULS(I)","В Config нет подстановки неизвестного или частично пустого spec; полностью пустой spec остается ненастроенным, активную роль проверяет профиль","Назначенный LC с DirectState или Capacity","CCalculationProfileCatalog -> реальный LC reader/CBatchSectionCalculator -> State/Search/Engineering calculators -> canonical results и summary writers; writer не выполняет solve","Фактический MaterialSpec соответствующего State и независимый пересчет N/Mx/My по выбранным диаграммам; текущий State учитывает effective Extension, конечные предельные states физические","modTestProfileConfig.RunAudit03ProfileConfigTests","docs/regression/Audit03/profile_config_v175_2026-10-03.txt; docs/regression/Audit03/relocated_input_v176_2026-10-03.txt; docs/regression/Audit03/full_off_profile_config_v176b_2026-10-03.txt; docs/regression/Audit03/full_on_profile_config_v176_2026-10-03.txt","ActiveBehaviorAccepted:FullRangeReviewNotComplete","ULS(I), SLS(II)","Все допустимые варианты активной роли проверены отдельно на реальном Catalog -> Batch -> calculators. 88 material cases, компонентные допуски 0.01 Н/1 Н*мм; full-range/pairwise/mutation остальных настроек еще открыты",
"PR3.MaterialModel.Strength.ValueSet",,"rngCalculationProfiles","Config!L49","UserInput","Material enum","-","-","ULS(I)","В Config нет подстановки неизвестного или частично пустого spec; полностью пустой spec остается ненастроенным, активную роль проверяет профиль","Назначенный LC с DirectState или Capacity","CCalculationProfileCatalog -> реальный LC reader/CBatchSectionCalculator -> State/Search/Engineering calculators -> canonical results и summary writers; writer не выполняет solve","Фактический MaterialSpec соответствующего State и независимый пересчет N/Mx/My по выбранным диаграммам; текущий State учитывает effective Extension, конечные предельные states физические","modTestProfileConfig.RunAudit03ProfileConfigTests","docs/regression/Audit03/profile_config_v175_2026-10-03.txt; docs/regression/Audit03/relocated_input_v176_2026-10-03.txt; docs/regression/Audit03/full_off_profile_config_v176b_2026-10-03.txt; docs/regression/Audit03/full_on_profile_config_v176_2026-10-03.txt","ActiveBehaviorAccepted:FullRangeReviewNotComplete","ULS(I), SLS(II)","Все допустимые варианты активной роли проверены отдельно на реальном Catalog -> Batch -> calculators. 88 material cases, компонентные допуски 0.01 Н/1 Н*мм; full-range/pairwise/mutation остальных настроек еще открыты",
"PR4.MaterialModel.Strength.ValueSet",,"rngCalculationProfiles","Config!M49","UserInput","Material enum","-","-","ULS(I)","В Config нет подстановки неизвестного или частично пустого spec; полностью пустой spec остается ненастроенным, активную роль проверяет профиль","Назначенный LC с DirectState или Capacity","CCalculationProfileCatalog -> реальный LC reader/CBatchSectionCalculator -> State/Search/Engineering calculators -> canonical results и summary writers; writer не выполняет solve","Фактический MaterialSpec соответствующего State и независимый пересчет N/Mx/My по выбранным диаграммам; текущий State учитывает effective Extension, конечные предельные states физические","modTestProfileConfig.RunAudit03ProfileConfigTests","docs/regression/Audit03/profile_config_v175_2026-10-03.txt; docs/regression/Audit03/relocated_input_v176_2026-10-03.txt; docs/regression/Audit03/full_off_profile_config_v176b_2026-10-03.txt; docs/regression/Audit03/full_on_profile_config_v176_2026-10-03.txt","ActiveBehaviorAccepted:FullRangeReviewNotComplete","ULS(I), SLS(II)","Все допустимые варианты активной роли проверены отдельно на реальном Catalog -> Batch -> calculators. 88 material cases, компонентные допуски 0.01 Н/1 Н*мм; full-range/pairwise/mutation остальных настроек еще открыты",
"PR1.MaterialModel.Strength.ConcreteDiagram",,"rngCalculationProfiles","Config!J50","UserInput","Material enum","-","-","ThreeLine","В Config нет подстановки неизвестного или частично пустого spec; полностью пустой spec остается ненастроенным, активную роль проверяет профиль","Назначенный LC с DirectState или Capacity","CCalculationProfileCatalog -> реальный LC reader/CBatchSectionCalculator -> State/Search/Engineering calculators -> canonical results и summary writers; writer не выполняет solve","Фактический MaterialSpec соответствующего State и независимый пересчет N/Mx/My по выбранным диаграммам; текущий State учитывает effective Extension, конечные предельные states физические","modTestProfileConfig.RunAudit03ProfileConfigTests","docs/regression/Audit03/profile_config_v175_2026-10-03.txt; docs/regression/Audit03/relocated_input_v176_2026-10-03.txt; docs/regression/Audit03/full_off_profile_config_v176b_2026-10-03.txt; docs/regression/Audit03/full_on_profile_config_v176_2026-10-03.txt","ActiveBehaviorAccepted:FullRangeReviewNotComplete","TwoLine, ThreeLine","Все допустимые варианты активной роли проверены отдельно на реальном Catalog -> Batch -> calculators. 88 material cases, компонентные допуски 0.01 Н/1 Н*мм; full-range/pairwise/mutation остальных настроек еще открыты",
"PR2.MaterialModel.Strength.ConcreteDiagram",,"rngCalculationProfiles","Config!K50","UserInput","Material enum","-","-","ThreeLine","В Config нет подстановки неизвестного или частично пустого spec; полностью пустой spec остается ненастроенным, активную роль проверяет профиль","Назначенный LC с DirectState или Capacity","CCalculationProfileCatalog -> реальный LC reader/CBatchSectionCalculator -> State/Search/Engineering calculators -> canonical results и summary writers; writer не выполняет solve","Фактический MaterialSpec соответствующего State и независимый пересчет N/Mx/My по выбранным диаграммам; текущий State учитывает effective Extension, конечные предельные states физические","modTestProfileConfig.RunAudit03ProfileConfigTests","docs/regression/Audit03/profile_config_v175_2026-10-03.txt; docs/regression/Audit03/relocated_input_v176_2026-10-03.txt; docs/regression/Audit03/full_off_profile_config_v176b_2026-10-03.txt; docs/regression/Audit03/full_on_profile_config_v176_2026-10-03.txt","ActiveBehaviorAccepted:FullRangeReviewNotComplete","TwoLine, ThreeLine","Все допустимые варианты активной роли проверены отдельно на реальном Catalog -> Batch -> calculators. 88 material cases, компонентные допуски 0.01 Н/1 Н*мм; full-range/pairwise/mutation остальных настроек еще открыты",
"PR3.MaterialModel.Strength.ConcreteDiagram",,"rngCalculationProfiles","Config!L50","UserInput","Material enum","-","-","ThreeLine","В Config нет подстановки неизвестного или частично пустого spec; полностью пустой spec остается ненастроенным, активную роль проверяет профиль","Назначенный LC с DirectState или Capacity","CCalculationProfileCatalog -> реальный LC reader/CBatchSectionCalculator -> State/Search/Engineering calculators -> canonical results и summary writers; writer не выполняет solve","Фактический MaterialSpec соответствующего State и независимый пересчет N/Mx/My по выбранным диаграммам; текущий State учитывает effective Extension, конечные предельные states физические","modTestProfileConfig.RunAudit03ProfileConfigTests","docs/regression/Audit03/profile_config_v175_2026-10-03.txt; docs/regression/Audit03/relocated_input_v176_2026-10-03.txt; docs/regression/Audit03/full_off_profile_config_v176b_2026-10-03.txt; docs/regression/Audit03/full_on_profile_config_v176_2026-10-03.txt","ActiveBehaviorAccepted:FullRangeReviewNotComplete","TwoLine, ThreeLine","Все допустимые варианты активной роли проверены отдельно на реальном Catalog -> Batch -> calculators. 88 material cases, компонентные допуски 0.01 Н/1 Н*мм; full-range/pairwise/mutation остальных настроек еще открыты",
"PR4.MaterialModel.Strength.ConcreteDiagram",,"rngCalculationProfiles","Config!M50","UserInput","Material enum","-","-","ThreeLine","В Config нет подстановки неизвестного или частично пустого spec; полностью пустой spec остается ненастроенным, активную роль проверяет профиль","Назначенный LC с DirectState или Capacity","CCalculationProfileCatalog -> реальный LC reader/CBatchSectionCalculator -> State/Search/Engineering calculators -> canonical results и summary writers; writer не выполняет solve","Фактический MaterialSpec соответствующего State и независимый пересчет N/Mx/My по выбранным диаграммам; текущий State учитывает effective Extension, конечные предельные states физические","modTestProfileConfig.RunAudit03ProfileConfigTests","docs/regression/Audit03/profile_config_v175_2026-10-03.txt; docs/regression/Audit03/relocated_input_v176_2026-10-03.txt; docs/regression/Audit03/full_off_profile_config_v176b_2026-10-03.txt; docs/regression/Audit03/full_on_profile_config_v176_2026-10-03.txt","ActiveBehaviorAccepted:FullRangeReviewNotComplete","TwoLine, ThreeLine","Все допустимые варианты активной роли проверены отдельно на реальном Catalog -> Batch -> calculators. 88 material cases, компонентные допуски 0.01 Н/1 Н*мм; full-range/pairwise/mutation остальных настроек еще открыты",
"PR1.MaterialModel.Strength.ConcreteTension",,"rngCalculationProfiles","Config!J51","UserInput","Material enum","-","-","Ignore","В Config нет подстановки неизвестного или частично пустого spec; полностью пустой spec остается ненастроенным, активную роль проверяет профиль","Назначенный LC с DirectState или Capacity","CCalculationProfileCatalog -> реальный LC reader/CBatchSectionCalculator -> State/Search/Engineering calculators -> canonical results и summary writers; writer не выполняет solve","Фактический MaterialSpec соответствующего State и независимый пересчет N/Mx/My по выбранным диаграммам; текущий State учитывает effective Extension, конечные предельные states физические","modTestProfileConfig.RunAudit03ProfileConfigTests","docs/regression/Audit03/profile_config_v175_2026-10-03.txt; docs/regression/Audit03/relocated_input_v176_2026-10-03.txt; docs/regression/Audit03/full_off_profile_config_v176b_2026-10-03.txt; docs/regression/Audit03/full_on_profile_config_v176_2026-10-03.txt","ActiveBehaviorAccepted:FullRangeReviewNotComplete","Ignore, UseDiagram","Все допустимые варианты активной роли проверены отдельно на реальном Catalog -> Batch -> calculators. 88 material cases, компонентные допуски 0.01 Н/1 Н*мм; full-range/pairwise/mutation остальных настроек еще открыты",
"PR2.MaterialModel.Strength.ConcreteTension",,"rngCalculationProfiles","Config!K51","UserInput","Material enum","-","-","Ignore","В Config нет подстановки неизвестного или частично пустого spec; полностью пустой spec остается ненастроенным, активную роль проверяет профиль","Назначенный LC с DirectState или Capacity","CCalculationProfileCatalog -> реальный LC reader/CBatchSectionCalculator -> State/Search/Engineering calculators -> canonical results и summary writers; writer не выполняет solve","Фактический MaterialSpec соответствующего State и независимый пересчет N/Mx/My по выбранным диаграммам; текущий State учитывает effective Extension, конечные предельные states физические","modTestProfileConfig.RunAudit03ProfileConfigTests","docs/regression/Audit03/profile_config_v175_2026-10-03.txt; docs/regression/Audit03/relocated_input_v176_2026-10-03.txt; docs/regression/Audit03/full_off_profile_config_v176b_2026-10-03.txt; docs/regression/Audit03/full_on_profile_config_v176_2026-10-03.txt","ActiveBehaviorAccepted:FullRangeReviewNotComplete","Ignore, UseDiagram","Все допустимые варианты активной роли проверены отдельно на реальном Catalog -> Batch -> calculators. 88 material cases, компонентные допуски 0.01 Н/1 Н*мм; full-range/pairwise/mutation остальных настроек еще открыты",
"PR3.MaterialModel.Strength.ConcreteTension",,"rngCalculationProfiles","Config!L51","UserInput","Material enum","-","-","Ignore","В Config нет подстановки неизвестного или частично пустого spec; полностью пустой spec остается ненастроенным, активную роль проверяет профиль","Назначенный LC с DirectState или Capacity","CCalculationProfileCatalog -> реальный LC reader/CBatchSectionCalculator -> State/Search/Engineering calculators -> canonical results и summary writers; writer не выполняет solve","Фактический MaterialSpec соответствующего State и независимый пересчет N/Mx/My по выбранным диаграммам; текущий State учитывает effective Extension, конечные предельные states физические","modTestProfileConfig.RunAudit03ProfileConfigTests","docs/regression/Audit03/profile_config_v175_2026-10-03.txt; docs/regression/Audit03/relocated_input_v176_2026-10-03.txt; docs/regression/Audit03/full_off_profile_config_v176b_2026-10-03.txt; docs/regression/Audit03/full_on_profile_config_v176_2026-10-03.txt","ActiveBehaviorAccepted:FullRangeReviewNotComplete","Ignore, UseDiagram","Все допустимые варианты активной роли проверены отдельно на реальном Catalog -> Batch -> calculators. 88 material cases, компонентные допуски 0.01 Н/1 Н*мм; full-range/pairwise/mutation остальных настроек еще открыты",
"PR4.MaterialModel.Strength.ConcreteTension",,"rngCalculationProfiles","Config!M51","UserInput","Material enum","-","-","Ignore","В Config нет подстановки неизвестного или частично пустого spec; полностью пустой spec остается ненастроенным, активную роль проверяет профиль","Назначенный LC с DirectState или Capacity","CCalculationProfileCatalog -> реальный LC reader/CBatchSectionCalculator -> State/Search/Engineering calculators -> canonical results и summary writers; writer не выполняет solve","Фактический MaterialSpec соответствующего State и независимый пересчет N/Mx/My по выбранным диаграммам; текущий State учитывает effective Extension, конечные предельные states физические","modTestProfileConfig.RunAudit03ProfileConfigTests","docs/regression/Audit03/profile_config_v175_2026-10-03.txt; docs/regression/Audit03/relocated_input_v176_2026-10-03.txt; docs/regression/Audit03/full_off_profile_config_v176b_2026-10-03.txt; docs/regression/Audit03/full_on_profile_config_v176_2026-10-03.txt","ActiveBehaviorAccepted:FullRangeReviewNotComplete","Ignore, UseDiagram","Все допустимые варианты активной роли проверены отдельно на реальном Catalog -> Batch -> calculators. 88 material cases, компонентные допуски 0.01 Н/1 Н*мм; full-range/pairwise/mutation остальных настроек еще открыты",
"PR1.MaterialModel.Strength.SteelDiagram",,"rngCalculationProfiles","Config!J52","UserInput","Material enum","-","-","TwoLine","В Config нет подстановки неизвестного или частично пустого spec; полностью пустой spec остается ненастроенным, активную роль проверяет профиль","Назначенный LC с DirectState или Capacity","CCalculationProfileCatalog -> реальный LC reader/CBatchSectionCalculator -> State/Search/Engineering calculators -> canonical results и summary writers; writer не выполняет solve","Фактический MaterialSpec соответствующего State и независимый пересчет N/Mx/My по выбранным диаграммам; текущий State учитывает effective Extension, конечные предельные states физические","modTestProfileConfig.RunAudit03ProfileConfigTests","docs/regression/Audit03/profile_config_v175_2026-10-03.txt; docs/regression/Audit03/relocated_input_v176_2026-10-03.txt; docs/regression/Audit03/full_off_profile_config_v176b_2026-10-03.txt; docs/regression/Audit03/full_on_profile_config_v176_2026-10-03.txt","ActiveBehaviorAccepted:FullRangeReviewNotComplete","TwoLine, ThreeLine","Все допустимые варианты активной роли проверены отдельно на реальном Catalog -> Batch -> calculators. 88 material cases, компонентные допуски 0.01 Н/1 Н*мм; full-range/pairwise/mutation остальных настроек еще открыты",
"PR2.MaterialModel.Strength.SteelDiagram",,"rngCalculationProfiles","Config!K52","UserInput","Material enum","-","-","TwoLine","В Config нет подстановки неизвестного или частично пустого spec; полностью пустой spec остается ненастроенным, активную роль проверяет профиль","Назначенный LC с DirectState или Capacity","CCalculationProfileCatalog -> реальный LC reader/CBatchSectionCalculator -> State/Search/Engineering calculators -> canonical results и summary writers; writer не выполняет solve","Фактический MaterialSpec соответствующего State и независимый пересчет N/Mx/My по выбранным диаграммам; текущий State учитывает effective Extension, конечные предельные states физические","modTestProfileConfig.RunAudit03ProfileConfigTests","docs/regression/Audit03/profile_config_v175_2026-10-03.txt; docs/regression/Audit03/relocated_input_v176_2026-10-03.txt; docs/regression/Audit03/full_off_profile_config_v176b_2026-10-03.txt; docs/regression/Audit03/full_on_profile_config_v176_2026-10-03.txt","ActiveBehaviorAccepted:FullRangeReviewNotComplete","TwoLine, ThreeLine","Все допустимые варианты активной роли проверены отдельно на реальном Catalog -> Batch -> calculators. 88 material cases, компонентные допуски 0.01 Н/1 Н*мм; full-range/pairwise/mutation остальных настроек еще открыты",
"PR3.MaterialModel.Strength.SteelDiagram",,"rngCalculationProfiles","Config!L52","UserInput","Material enum","-","-","TwoLine","В Config нет подстановки неизвестного или частично пустого spec; полностью пустой spec остается ненастроенным, активную роль проверяет профиль","Назначенный LC с DirectState или Capacity","CCalculationProfileCatalog -> реальный LC reader/CBatchSectionCalculator -> State/Search/Engineering calculators -> canonical results и summary writers; writer не выполняет solve","Фактический MaterialSpec соответствующего State и независимый пересчет N/Mx/My по выбранным диаграммам; текущий State учитывает effective Extension, конечные предельные states физические","modTestProfileConfig.RunAudit03ProfileConfigTests","docs/regression/Audit03/profile_config_v175_2026-10-03.txt; docs/regression/Audit03/relocated_input_v176_2026-10-03.txt; docs/regression/Audit03/full_off_profile_config_v176b_2026-10-03.txt; docs/regression/Audit03/full_on_profile_config_v176_2026-10-03.txt","ActiveBehaviorAccepted:FullRangeReviewNotComplete","TwoLine, ThreeLine","Все допустимые варианты активной роли проверены отдельно на реальном Catalog -> Batch -> calculators. 88 material cases, компонентные допуски 0.01 Н/1 Н*мм; full-range/pairwise/mutation остальных настроек еще открыты",
"PR4.MaterialModel.Strength.SteelDiagram",,"rngCalculationProfiles","Config!M52","UserInput","Material enum","-","-","TwoLine","В Config нет подстановки неизвестного или частично пустого spec; полностью пустой spec остается ненастроенным, активную роль проверяет профиль","Назначенный LC с DirectState или Capacity","CCalculationProfileCatalog -> реальный LC reader/CBatchSectionCalculator -> State/Search/Engineering calculators -> canonical results и summary writers; writer не выполняет solve","Фактический MaterialSpec соответствующего State и независимый пересчет N/Mx/My по выбранным диаграммам; текущий State учитывает effective Extension, конечные предельные states физические","modTestProfileConfig.RunAudit03ProfileConfigTests","docs/regression/Audit03/profile_config_v175_2026-10-03.txt; docs/regression/Audit03/relocated_input_v176_2026-10-03.txt; docs/regression/Audit03/full_off_profile_config_v176b_2026-10-03.txt; docs/regression/Audit03/full_on_profile_config_v176_2026-10-03.txt","ActiveBehaviorAccepted:FullRangeReviewNotComplete","TwoLine, ThreeLine","Все допустимые варианты активной роли проверены отдельно на реальном Catalog -> Batch -> calculators. 88 material cases, компонентные допуски 0.01 Н/1 Н*мм; full-range/pairwise/mutation остальных настроек еще открыты",
"PR1.MaterialModel.CrackInitiation.ValueSet",,"rngCalculationProfiles","Config!J54","UserInput","Material enum","-","-","SLS(II)","В Config нет подстановки неизвестного или частично пустого spec; полностью пустой spec остается ненастроенным, активную роль проверяет профиль","Назначенный LC с Calculation.Crack.Width","CCalculationProfileCatalog -> реальный LC reader/CBatchSectionCalculator -> State/Search/Engineering calculators -> canonical results и summary writers; writer не выполняет solve","Фактический MaterialSpec соответствующего State и независимый пересчет N/Mx/My по выбранным диаграммам; текущий State учитывает effective Extension, конечные предельные states физические","modTestProfileConfig.RunAudit03ProfileConfigTests","docs/regression/Audit03/profile_config_v175_2026-10-03.txt; docs/regression/Audit03/relocated_input_v176_2026-10-03.txt; docs/regression/Audit03/full_off_profile_config_v176b_2026-10-03.txt; docs/regression/Audit03/full_on_profile_config_v176_2026-10-03.txt","ActiveBehaviorAccepted:FullRangeReviewNotComplete","ULS(I), SLS(II)","Все допустимые варианты активной роли проверены отдельно на реальном Catalog -> Batch -> calculators. 88 material cases, компонентные допуски 0.01 Н/1 Н*мм; full-range/pairwise/mutation остальных настроек еще открыты",
"PR2.MaterialModel.CrackInitiation.ValueSet",,"rngCalculationProfiles","Config!K54","UserInput","Material enum","-","-","SLS(II)","В Config нет подстановки неизвестного или частично пустого spec; полностью пустой spec остается ненастроенным, активную роль проверяет профиль","Назначенный LC с Calculation.Crack.Width","CCalculationProfileCatalog -> реальный LC reader/CBatchSectionCalculator -> State/Search/Engineering calculators -> canonical results и summary writers; writer не выполняет solve","Фактический MaterialSpec соответствующего State и независимый пересчет N/Mx/My по выбранным диаграммам; текущий State учитывает effective Extension, конечные предельные states физические","modTestProfileConfig.RunAudit03ProfileConfigTests","docs/regression/Audit03/profile_config_v175_2026-10-03.txt; docs/regression/Audit03/relocated_input_v176_2026-10-03.txt; docs/regression/Audit03/full_off_profile_config_v176b_2026-10-03.txt; docs/regression/Audit03/full_on_profile_config_v176_2026-10-03.txt","ActiveBehaviorAccepted:FullRangeReviewNotComplete","ULS(I), SLS(II)","Все допустимые варианты активной роли проверены отдельно на реальном Catalog -> Batch -> calculators. 88 material cases, компонентные допуски 0.01 Н/1 Н*мм; full-range/pairwise/mutation остальных настроек еще открыты",
"PR3.MaterialModel.CrackInitiation.ValueSet",,"rngCalculationProfiles","Config!L54","UserInput","Material enum","-","-","SLS(II)","В Config нет подстановки неизвестного или частично пустого spec; полностью пустой spec остается ненастроенным, активную роль проверяет профиль","Назначенный LC с Calculation.Crack.Width","CCalculationProfileCatalog -> реальный LC reader/CBatchSectionCalculator -> State/Search/Engineering calculators -> canonical results и summary writers; writer не выполняет solve","Фактический MaterialSpec соответствующего State и независимый пересчет N/Mx/My по выбранным диаграммам; текущий State учитывает effective Extension, конечные предельные states физические","modTestProfileConfig.RunAudit03ProfileConfigTests","docs/regression/Audit03/profile_config_v175_2026-10-03.txt; docs/regression/Audit03/relocated_input_v176_2026-10-03.txt; docs/regression/Audit03/full_off_profile_config_v176b_2026-10-03.txt; docs/regression/Audit03/full_on_profile_config_v176_2026-10-03.txt","ActiveBehaviorAccepted:FullRangeReviewNotComplete","ULS(I), SLS(II)","Все допустимые варианты активной роли проверены отдельно на реальном Catalog -> Batch -> calculators. 88 material cases, компонентные допуски 0.01 Н/1 Н*мм; full-range/pairwise/mutation остальных настроек еще открыты",
"PR4.MaterialModel.CrackInitiation.ValueSet",,"rngCalculationProfiles","Config!M54","UserInput","Material enum","-","-","SLS(II)","В Config нет подстановки неизвестного или частично пустого spec; полностью пустой spec остается ненастроенным, активную роль проверяет профиль","Назначенный LC с Calculation.Crack.Width","CCalculationProfileCatalog -> реальный LC reader/CBatchSectionCalculator -> State/Search/Engineering calculators -> canonical results и summary writers; writer не выполняет solve","Фактический MaterialSpec соответствующего State и независимый пересчет N/Mx/My по выбранным диаграммам; текущий State учитывает effective Extension, конечные предельные states физические","modTestProfileConfig.RunAudit03ProfileConfigTests","docs/regression/Audit03/profile_config_v175_2026-10-03.txt; docs/regression/Audit03/relocated_input_v176_2026-10-03.txt; docs/regression/Audit03/full_off_profile_config_v176b_2026-10-03.txt; docs/regression/Audit03/full_on_profile_config_v176_2026-10-03.txt","ActiveBehaviorAccepted:FullRangeReviewNotComplete","ULS(I), SLS(II)","Все допустимые варианты активной роли проверены отдельно на реальном Catalog -> Batch -> calculators. 88 material cases, компонентные допуски 0.01 Н/1 Н*мм; full-range/pairwise/mutation остальных настроек еще открыты",
"PR1.MaterialModel.CrackInitiation.ConcreteDiagram",,"rngCalculationProfiles","Config!J55","UserInput","Material enum","-","-","ThreeLine","В Config нет подстановки неизвестного или частично пустого spec; полностью пустой spec остается ненастроенным, активную роль проверяет профиль","Назначенный LC с Calculation.Crack.Width","CCalculationProfileCatalog -> реальный LC reader/CBatchSectionCalculator -> State/Search/Engineering calculators -> canonical results и summary writers; writer не выполняет solve","Фактический MaterialSpec соответствующего State и независимый пересчет N/Mx/My по выбранным диаграммам; текущий State учитывает effective Extension, конечные предельные states физические","modTestProfileConfig.RunAudit03ProfileConfigTests","docs/regression/Audit03/profile_config_v175_2026-10-03.txt; docs/regression/Audit03/relocated_input_v176_2026-10-03.txt; docs/regression/Audit03/full_off_profile_config_v176b_2026-10-03.txt; docs/regression/Audit03/full_on_profile_config_v176_2026-10-03.txt","ActiveBehaviorAccepted:FullRangeReviewNotComplete","TwoLine, ThreeLine","Все допустимые варианты активной роли проверены отдельно на реальном Catalog -> Batch -> calculators. 88 material cases, компонентные допуски 0.01 Н/1 Н*мм; full-range/pairwise/mutation остальных настроек еще открыты",
"PR2.MaterialModel.CrackInitiation.ConcreteDiagram",,"rngCalculationProfiles","Config!K55","UserInput","Material enum","-","-","ThreeLine","В Config нет подстановки неизвестного или частично пустого spec; полностью пустой spec остается ненастроенным, активную роль проверяет профиль","Назначенный LC с Calculation.Crack.Width","CCalculationProfileCatalog -> реальный LC reader/CBatchSectionCalculator -> State/Search/Engineering calculators -> canonical results и summary writers; writer не выполняет solve","Фактический MaterialSpec соответствующего State и независимый пересчет N/Mx/My по выбранным диаграммам; текущий State учитывает effective Extension, конечные предельные states физические","modTestProfileConfig.RunAudit03ProfileConfigTests","docs/regression/Audit03/profile_config_v175_2026-10-03.txt; docs/regression/Audit03/relocated_input_v176_2026-10-03.txt; docs/regression/Audit03/full_off_profile_config_v176b_2026-10-03.txt; docs/regression/Audit03/full_on_profile_config_v176_2026-10-03.txt","ActiveBehaviorAccepted:FullRangeReviewNotComplete","TwoLine, ThreeLine","Все допустимые варианты активной роли проверены отдельно на реальном Catalog -> Batch -> calculators. 88 material cases, компонентные допуски 0.01 Н/1 Н*мм; full-range/pairwise/mutation остальных настроек еще открыты",
"PR3.MaterialModel.CrackInitiation.ConcreteDiagram",,"rngCalculationProfiles","Config!L55","UserInput","Material enum","-","-","ThreeLine","В Config нет подстановки неизвестного или частично пустого spec; полностью пустой spec остается ненастроенным, активную роль проверяет профиль","Назначенный LC с Calculation.Crack.Width","CCalculationProfileCatalog -> реальный LC reader/CBatchSectionCalculator -> State/Search/Engineering calculators -> canonical results и summary writers; writer не выполняет solve","Фактический MaterialSpec соответствующего State и независимый пересчет N/Mx/My по выбранным диаграммам; текущий State учитывает effective Extension, конечные предельные states физические","modTestProfileConfig.RunAudit03ProfileConfigTests","docs/regression/Audit03/profile_config_v175_2026-10-03.txt; docs/regression/Audit03/relocated_input_v176_2026-10-03.txt; docs/regression/Audit03/full_off_profile_config_v176b_2026-10-03.txt; docs/regression/Audit03/full_on_profile_config_v176_2026-10-03.txt","ActiveBehaviorAccepted:FullRangeReviewNotComplete","TwoLine, ThreeLine","Все допустимые варианты активной роли проверены отдельно на реальном Catalog -> Batch -> calculators. 88 material cases, компонентные допуски 0.01 Н/1 Н*мм; full-range/pairwise/mutation остальных настроек еще открыты",
"PR4.MaterialModel.CrackInitiation.ConcreteDiagram",,"rngCalculationProfiles","Config!M55","UserInput","Material enum","-","-","ThreeLine","В Config нет подстановки неизвестного или частично пустого spec; полностью пустой spec остается ненастроенным, активную роль проверяет профиль","Назначенный LC с Calculation.Crack.Width","CCalculationProfileCatalog -> реальный LC reader/CBatchSectionCalculator -> State/Search/Engineering calculators -> canonical results и summary writers; writer не выполняет solve","Фактический MaterialSpec соответствующего State и независимый пересчет N/Mx/My по выбранным диаграммам; текущий State учитывает effective Extension, конечные предельные states физические","modTestProfileConfig.RunAudit03ProfileConfigTests","docs/regression/Audit03/profile_config_v175_2026-10-03.txt; docs/regression/Audit03/relocated_input_v176_2026-10-03.txt; docs/regression/Audit03/full_off_profile_config_v176b_2026-10-03.txt; docs/regression/Audit03/full_on_profile_config_v176_2026-10-03.txt","ActiveBehaviorAccepted:FullRangeReviewNotComplete","TwoLine, ThreeLine","Все допустимые варианты активной роли проверены отдельно на реальном Catalog -> Batch -> calculators. 88 material cases, компонентные допуски 0.01 Н/1 Н*мм; full-range/pairwise/mutation остальных настроек еще открыты",
"PR1.MaterialModel.CrackInitiation.ConcreteTension",,"rngCalculationProfiles","Config!J56","UserInput","Material enum","-","-","UseDiagram","В Config нет подстановки неизвестного или частично пустого spec; полностью пустой spec остается ненастроенным, активную роль проверяет профиль","Назначенный LC с Calculation.Crack.Width","CCalculationProfileCatalog -> реальный LC reader/CBatchSectionCalculator -> State/Search/Engineering calculators -> canonical results и summary writers; writer не выполняет solve","Фактический MaterialSpec соответствующего State и независимый пересчет N/Mx/My по выбранным диаграммам; текущий State учитывает effective Extension, конечные предельные states физические","modTestProfileConfig.RunAudit03ProfileConfigTests","docs/regression/Audit03/profile_config_v175_2026-10-03.txt; docs/regression/Audit03/relocated_input_v176_2026-10-03.txt; docs/regression/Audit03/full_off_profile_config_v176b_2026-10-03.txt; docs/regression/Audit03/full_on_profile_config_v176_2026-10-03.txt","ActiveBehaviorAccepted:FullRangeReviewNotComplete","UseDiagram для активного Formation","Все допустимые варианты активной роли проверены отдельно на реальном Catalog -> Batch -> calculators. 88 material cases, компонентные допуски 0.01 Н/1 Н*мм; full-range/pairwise/mutation остальных настроек еще открыты",
"PR2.MaterialModel.CrackInitiation.ConcreteTension",,"rngCalculationProfiles","Config!K56","UserInput","Material enum","-","-","UseDiagram","В Config нет подстановки неизвестного или частично пустого spec; полностью пустой spec остается ненастроенным, активную роль проверяет профиль","Назначенный LC с Calculation.Crack.Width","CCalculationProfileCatalog -> реальный LC reader/CBatchSectionCalculator -> State/Search/Engineering calculators -> canonical results и summary writers; writer не выполняет solve","Фактический MaterialSpec соответствующего State и независимый пересчет N/Mx/My по выбранным диаграммам; текущий State учитывает effective Extension, конечные предельные states физические","modTestProfileConfig.RunAudit03ProfileConfigTests","docs/regression/Audit03/profile_config_v175_2026-10-03.txt; docs/regression/Audit03/relocated_input_v176_2026-10-03.txt; docs/regression/Audit03/full_off_profile_config_v176b_2026-10-03.txt; docs/regression/Audit03/full_on_profile_config_v176_2026-10-03.txt","ActiveBehaviorAccepted:FullRangeReviewNotComplete","UseDiagram для активного Formation","Все допустимые варианты активной роли проверены отдельно на реальном Catalog -> Batch -> calculators. 88 material cases, компонентные допуски 0.01 Н/1 Н*мм; full-range/pairwise/mutation остальных настроек еще открыты",
"PR3.MaterialModel.CrackInitiation.ConcreteTension",,"rngCalculationProfiles","Config!L56","UserInput","Material enum","-","-","UseDiagram","В Config нет подстановки неизвестного или частично пустого spec; полностью пустой spec остается ненастроенным, активную роль проверяет профиль","Назначенный LC с Calculation.Crack.Width","CCalculationProfileCatalog -> реальный LC reader/CBatchSectionCalculator -> State/Search/Engineering calculators -> canonical results и summary writers; writer не выполняет solve","Фактический MaterialSpec соответствующего State и независимый пересчет N/Mx/My по выбранным диаграммам; текущий State учитывает effective Extension, конечные предельные states физические","modTestProfileConfig.RunAudit03ProfileConfigTests","docs/regression/Audit03/profile_config_v175_2026-10-03.txt; docs/regression/Audit03/relocated_input_v176_2026-10-03.txt; docs/regression/Audit03/full_off_profile_config_v176b_2026-10-03.txt; docs/regression/Audit03/full_on_profile_config_v176_2026-10-03.txt","ActiveBehaviorAccepted:FullRangeReviewNotComplete","UseDiagram для активного Formation","Все допустимые варианты активной роли проверены отдельно на реальном Catalog -> Batch -> calculators. 88 material cases, компонентные допуски 0.01 Н/1 Н*мм; full-range/pairwise/mutation остальных настроек еще открыты",
"PR4.MaterialModel.CrackInitiation.ConcreteTension",,"rngCalculationProfiles","Config!M56","UserInput","Material enum","-","-","UseDiagram","В Config нет подстановки неизвестного или частично пустого spec; полностью пустой spec остается ненастроенным, активную роль проверяет профиль","Назначенный LC с Calculation.Crack.Width","CCalculationProfileCatalog -> реальный LC reader/CBatchSectionCalculator -> State/Search/Engineering calculators -> canonical results и summary writers; writer не выполняет solve","Фактический MaterialSpec соответствующего State и независимый пересчет N/Mx/My по выбранным диаграммам; текущий State учитывает effective Extension, конечные предельные states физические","modTestProfileConfig.RunAudit03ProfileConfigTests","docs/regression/Audit03/profile_config_v175_2026-10-03.txt; docs/regression/Audit03/relocated_input_v176_2026-10-03.txt; docs/regression/Audit03/full_off_profile_config_v176b_2026-10-03.txt; docs/regression/Audit03/full_on_profile_config_v176_2026-10-03.txt","ActiveBehaviorAccepted:FullRangeReviewNotComplete","UseDiagram для активного Formation","Все допустимые варианты активной роли проверены отдельно на реальном Catalog -> Batch -> calculators. 88 material cases, компонентные допуски 0.01 Н/1 Н*мм; full-range/pairwise/mutation остальных настроек еще открыты",
"PR1.MaterialModel.CrackInitiation.SteelDiagram",,"rngCalculationProfiles","Config!J57","UserInput","Material enum","-","-","TwoLine","В Config нет подстановки неизвестного или частично пустого spec; полностью пустой spec остается ненастроенным, активную роль проверяет профиль","Назначенный LC с Calculation.Crack.Width","CCalculationProfileCatalog -> реальный LC reader/CBatchSectionCalculator -> State/Search/Engineering calculators -> canonical results и summary writers; writer не выполняет solve","Фактический MaterialSpec соответствующего State и независимый пересчет N/Mx/My по выбранным диаграммам; текущий State учитывает effective Extension, конечные предельные states физические","modTestProfileConfig.RunAudit03ProfileConfigTests","docs/regression/Audit03/profile_config_v175_2026-10-03.txt; docs/regression/Audit03/relocated_input_v176_2026-10-03.txt; docs/regression/Audit03/full_off_profile_config_v176b_2026-10-03.txt; docs/regression/Audit03/full_on_profile_config_v176_2026-10-03.txt","ActiveBehaviorAccepted:FullRangeReviewNotComplete","TwoLine, ThreeLine","Все допустимые варианты активной роли проверены отдельно на реальном Catalog -> Batch -> calculators. 88 material cases, компонентные допуски 0.01 Н/1 Н*мм; full-range/pairwise/mutation остальных настроек еще открыты",
"PR2.MaterialModel.CrackInitiation.SteelDiagram",,"rngCalculationProfiles","Config!K57","UserInput","Material enum","-","-","TwoLine","В Config нет подстановки неизвестного или частично пустого spec; полностью пустой spec остается ненастроенным, активную роль проверяет профиль","Назначенный LC с Calculation.Crack.Width","CCalculationProfileCatalog -> реальный LC reader/CBatchSectionCalculator -> State/Search/Engineering calculators -> canonical results и summary writers; writer не выполняет solve","Фактический MaterialSpec соответствующего State и независимый пересчет N/Mx/My по выбранным диаграммам; текущий State учитывает effective Extension, конечные предельные states физические","modTestProfileConfig.RunAudit03ProfileConfigTests","docs/regression/Audit03/profile_config_v175_2026-10-03.txt; docs/regression/Audit03/relocated_input_v176_2026-10-03.txt; docs/regression/Audit03/full_off_profile_config_v176b_2026-10-03.txt; docs/regression/Audit03/full_on_profile_config_v176_2026-10-03.txt","ActiveBehaviorAccepted:FullRangeReviewNotComplete","TwoLine, ThreeLine","Все допустимые варианты активной роли проверены отдельно на реальном Catalog -> Batch -> calculators. 88 material cases, компонентные допуски 0.01 Н/1 Н*мм; full-range/pairwise/mutation остальных настроек еще открыты",
"PR3.MaterialModel.CrackInitiation.SteelDiagram",,"rngCalculationProfiles","Config!L57","UserInput","Material enum","-","-","TwoLine","В Config нет подстановки неизвестного или частично пустого spec; полностью пустой spec остается ненастроенным, активную роль проверяет профиль","Назначенный LC с Calculation.Crack.Width","CCalculationProfileCatalog -> реальный LC reader/CBatchSectionCalculator -> State/Search/Engineering calculators -> canonical results и summary writers; writer не выполняет solve","Фактический MaterialSpec соответствующего State и независимый пересчет N/Mx/My по выбранным диаграммам; текущий State учитывает effective Extension, конечные предельные states физические","modTestProfileConfig.RunAudit03ProfileConfigTests","docs/regression/Audit03/profile_config_v175_2026-10-03.txt; docs/regression/Audit03/relocated_input_v176_2026-10-03.txt; docs/regression/Audit03/full_off_profile_config_v176b_2026-10-03.txt; docs/regression/Audit03/full_on_profile_config_v176_2026-10-03.txt","ActiveBehaviorAccepted:FullRangeReviewNotComplete","TwoLine, ThreeLine","Все допустимые варианты активной роли проверены отдельно на реальном Catalog -> Batch -> calculators. 88 material cases, компонентные допуски 0.01 Н/1 Н*мм; full-range/pairwise/mutation остальных настроек еще открыты",
"PR4.MaterialModel.CrackInitiation.SteelDiagram",,"rngCalculationProfiles","Config!M57","UserInput","Material enum","-","-","TwoLine","В Config нет подстановки неизвестного или частично пустого spec; полностью пустой spec остается ненастроенным, активную роль проверяет профиль","Назначенный LC с Calculation.Crack.Width","CCalculationProfileCatalog -> реальный LC reader/CBatchSectionCalculator -> State/Search/Engineering calculators -> canonical results и summary writers; writer не выполняет solve","Фактический MaterialSpec соответствующего State и независимый пересчет N/Mx/My по выбранным диаграммам; текущий State учитывает effective Extension, конечные предельные states физические","modTestProfileConfig.RunAudit03ProfileConfigTests","docs/regression/Audit03/profile_config_v175_2026-10-03.txt; docs/regression/Audit03/relocated_input_v176_2026-10-03.txt; docs/regression/Audit03/full_off_profile_config_v176b_2026-10-03.txt; docs/regression/Audit03/full_on_profile_config_v176_2026-10-03.txt","ActiveBehaviorAccepted:FullRangeReviewNotComplete","TwoLine, ThreeLine","Все допустимые варианты активной роли проверены отдельно на реальном Catalog -> Batch -> calculators. 88 material cases, компонентные допуски 0.01 Н/1 Н*мм; full-range/pairwise/mutation остальных настроек еще открыты",
"PR1.MaterialModel.CrackedState.ValueSet",,"rngCalculationProfiles","Config!J59","UserInput","Material enum","-","-","SLS(II)","В Config нет подстановки неизвестного или частично пустого spec; полностью пустой spec остается ненастроенным, активную роль проверяет профиль","Назначенный LC с Calculation.Crack.Width","CCalculationProfileCatalog -> реальный LC reader/CBatchSectionCalculator -> State/Search/Engineering calculators -> canonical results и summary writers; writer не выполняет solve","Фактический MaterialSpec соответствующего State и независимый пересчет N/Mx/My по выбранным диаграммам; текущий State учитывает effective Extension, конечные предельные states физические","modTestProfileConfig.RunAudit03ProfileConfigTests","docs/regression/Audit03/profile_config_v175_2026-10-03.txt; docs/regression/Audit03/relocated_input_v176_2026-10-03.txt; docs/regression/Audit03/full_off_profile_config_v176b_2026-10-03.txt; docs/regression/Audit03/full_on_profile_config_v176_2026-10-03.txt","ActiveBehaviorAccepted:FullRangeReviewNotComplete","ULS(I), SLS(II)","Все допустимые варианты активной роли проверены отдельно на реальном Catalog -> Batch -> calculators. 88 material cases, компонентные допуски 0.01 Н/1 Н*мм; full-range/pairwise/mutation остальных настроек еще открыты",
"PR2.MaterialModel.CrackedState.ValueSet",,"rngCalculationProfiles","Config!K59","UserInput","Material enum","-","-","SLS(II)","В Config нет подстановки неизвестного или частично пустого spec; полностью пустой spec остается ненастроенным, активную роль проверяет профиль","Назначенный LC с Calculation.Crack.Width","CCalculationProfileCatalog -> реальный LC reader/CBatchSectionCalculator -> State/Search/Engineering calculators -> canonical results и summary writers; writer не выполняет solve","Фактический MaterialSpec соответствующего State и независимый пересчет N/Mx/My по выбранным диаграммам; текущий State учитывает effective Extension, конечные предельные states физические","modTestProfileConfig.RunAudit03ProfileConfigTests","docs/regression/Audit03/profile_config_v175_2026-10-03.txt; docs/regression/Audit03/relocated_input_v176_2026-10-03.txt; docs/regression/Audit03/full_off_profile_config_v176b_2026-10-03.txt; docs/regression/Audit03/full_on_profile_config_v176_2026-10-03.txt","ActiveBehaviorAccepted:FullRangeReviewNotComplete","ULS(I), SLS(II)","Все допустимые варианты активной роли проверены отдельно на реальном Catalog -> Batch -> calculators. 88 material cases, компонентные допуски 0.01 Н/1 Н*мм; full-range/pairwise/mutation остальных настроек еще открыты",
"PR3.MaterialModel.CrackedState.ValueSet",,"rngCalculationProfiles","Config!L59","UserInput","Material enum","-","-","SLS(II)","В Config нет подстановки неизвестного или частично пустого spec; полностью пустой spec остается ненастроенным, активную роль проверяет профиль","Назначенный LC с Calculation.Crack.Width","CCalculationProfileCatalog -> реальный LC reader/CBatchSectionCalculator -> State/Search/Engineering calculators -> canonical results и summary writers; writer не выполняет solve","Фактический MaterialSpec соответствующего State и независимый пересчет N/Mx/My по выбранным диаграммам; текущий State учитывает effective Extension, конечные предельные states физические","modTestProfileConfig.RunAudit03ProfileConfigTests","docs/regression/Audit03/profile_config_v175_2026-10-03.txt; docs/regression/Audit03/relocated_input_v176_2026-10-03.txt; docs/regression/Audit03/full_off_profile_config_v176b_2026-10-03.txt; docs/regression/Audit03/full_on_profile_config_v176_2026-10-03.txt","ActiveBehaviorAccepted:FullRangeReviewNotComplete","ULS(I), SLS(II)","Все допустимые варианты активной роли проверены отдельно на реальном Catalog -> Batch -> calculators. 88 material cases, компонентные допуски 0.01 Н/1 Н*мм; full-range/pairwise/mutation остальных настроек еще открыты",
"PR4.MaterialModel.CrackedState.ValueSet",,"rngCalculationProfiles","Config!M59","UserInput","Material enum","-","-","SLS(II)","В Config нет подстановки неизвестного или частично пустого spec; полностью пустой spec остается ненастроенным, активную роль проверяет профиль","Назначенный LC с Calculation.Crack.Width","CCalculationProfileCatalog -> реальный LC reader/CBatchSectionCalculator -> State/Search/Engineering calculators -> canonical results и summary writers; writer не выполняет solve","Фактический MaterialSpec соответствующего State и независимый пересчет N/Mx/My по выбранным диаграммам; текущий State учитывает effective Extension, конечные предельные states физические","modTestProfileConfig.RunAudit03ProfileConfigTests","docs/regression/Audit03/profile_config_v175_2026-10-03.txt; docs/regression/Audit03/relocated_input_v176_2026-10-03.txt; docs/regression/Audit03/full_off_profile_config_v176b_2026-10-03.txt; docs/regression/Audit03/full_on_profile_config_v176_2026-10-03.txt","ActiveBehaviorAccepted:FullRangeReviewNotComplete","ULS(I), SLS(II)","Все допустимые варианты активной роли проверены отдельно на реальном Catalog -> Batch -> calculators. 88 material cases, компонентные допуски 0.01 Н/1 Н*мм; full-range/pairwise/mutation остальных настроек еще открыты",
"PR1.MaterialModel.CrackedState.ConcreteDiagram",,"rngCalculationProfiles","Config!J60","UserInput","Material enum","-","-","TwoLine","В Config нет подстановки неизвестного или частично пустого spec; полностью пустой spec остается ненастроенным, активную роль проверяет профиль","Назначенный LC с Calculation.Crack.Width","CCalculationProfileCatalog -> реальный LC reader/CBatchSectionCalculator -> State/Search/Engineering calculators -> canonical results и summary writers; writer не выполняет solve","Фактический MaterialSpec соответствующего State и независимый пересчет N/Mx/My по выбранным диаграммам; текущий State учитывает effective Extension, конечные предельные states физические","modTestProfileConfig.RunAudit03ProfileConfigTests","docs/regression/Audit03/profile_config_v175_2026-10-03.txt; docs/regression/Audit03/relocated_input_v176_2026-10-03.txt; docs/regression/Audit03/full_off_profile_config_v176b_2026-10-03.txt; docs/regression/Audit03/full_on_profile_config_v176_2026-10-03.txt","ActiveBehaviorAccepted:FullRangeReviewNotComplete","TwoLine, ThreeLine","Все допустимые варианты активной роли проверены отдельно на реальном Catalog -> Batch -> calculators. 88 material cases, компонентные допуски 0.01 Н/1 Н*мм; full-range/pairwise/mutation остальных настроек еще открыты",
"PR2.MaterialModel.CrackedState.ConcreteDiagram",,"rngCalculationProfiles","Config!K60","UserInput","Material enum","-","-","TwoLine","В Config нет подстановки неизвестного или частично пустого spec; полностью пустой spec остается ненастроенным, активную роль проверяет профиль","Назначенный LC с Calculation.Crack.Width","CCalculationProfileCatalog -> реальный LC reader/CBatchSectionCalculator -> State/Search/Engineering calculators -> canonical results и summary writers; writer не выполняет solve","Фактический MaterialSpec соответствующего State и независимый пересчет N/Mx/My по выбранным диаграммам; текущий State учитывает effective Extension, конечные предельные states физические","modTestProfileConfig.RunAudit03ProfileConfigTests","docs/regression/Audit03/profile_config_v175_2026-10-03.txt; docs/regression/Audit03/relocated_input_v176_2026-10-03.txt; docs/regression/Audit03/full_off_profile_config_v176b_2026-10-03.txt; docs/regression/Audit03/full_on_profile_config_v176_2026-10-03.txt","ActiveBehaviorAccepted:FullRangeReviewNotComplete","TwoLine, ThreeLine","Все допустимые варианты активной роли проверены отдельно на реальном Catalog -> Batch -> calculators. 88 material cases, компонентные допуски 0.01 Н/1 Н*мм; full-range/pairwise/mutation остальных настроек еще открыты",
"PR3.MaterialModel.CrackedState.ConcreteDiagram",,"rngCalculationProfiles","Config!L60","UserInput","Material enum","-","-","TwoLine","В Config нет подстановки неизвестного или частично пустого spec; полностью пустой spec остается ненастроенным, активную роль проверяет профиль","Назначенный LC с Calculation.Crack.Width","CCalculationProfileCatalog -> реальный LC reader/CBatchSectionCalculator -> State/Search/Engineering calculators -> canonical results и summary writers; writer не выполняет solve","Фактический MaterialSpec соответствующего State и независимый пересчет N/Mx/My по выбранным диаграммам; текущий State учитывает effective Extension, конечные предельные states физические","modTestProfileConfig.RunAudit03ProfileConfigTests","docs/regression/Audit03/profile_config_v175_2026-10-03.txt; docs/regression/Audit03/relocated_input_v176_2026-10-03.txt; docs/regression/Audit03/full_off_profile_config_v176b_2026-10-03.txt; docs/regression/Audit03/full_on_profile_config_v176_2026-10-03.txt","ActiveBehaviorAccepted:FullRangeReviewNotComplete","TwoLine, ThreeLine","Все допустимые варианты активной роли проверены отдельно на реальном Catalog -> Batch -> calculators. 88 material cases, компонентные допуски 0.01 Н/1 Н*мм; full-range/pairwise/mutation остальных настроек еще открыты",
"PR4.MaterialModel.CrackedState.ConcreteDiagram",,"rngCalculationProfiles","Config!M60","UserInput","Material enum","-","-","TwoLine","В Config нет подстановки неизвестного или частично пустого spec; полностью пустой spec остается ненастроенным, активную роль проверяет профиль","Назначенный LC с Calculation.Crack.Width","CCalculationProfileCatalog -> реальный LC reader/CBatchSectionCalculator -> State/Search/Engineering calculators -> canonical results и summary writers; writer не выполняет solve","Фактический MaterialSpec соответствующего State и независимый пересчет N/Mx/My по выбранным диаграммам; текущий State учитывает effective Extension, конечные предельные states физические","modTestProfileConfig.RunAudit03ProfileConfigTests","docs/regression/Audit03/profile_config_v175_2026-10-03.txt; docs/regression/Audit03/relocated_input_v176_2026-10-03.txt; docs/regression/Audit03/full_off_profile_config_v176b_2026-10-03.txt; docs/regression/Audit03/full_on_profile_config_v176_2026-10-03.txt","ActiveBehaviorAccepted:FullRangeReviewNotComplete","TwoLine, ThreeLine","Все допустимые варианты активной роли проверены отдельно на реальном Catalog -> Batch -> calculators. 88 material cases, компонентные допуски 0.01 Н/1 Н*мм; full-range/pairwise/mutation остальных настроек еще открыты",
"PR1.MaterialModel.CrackedState.ConcreteTension",,"rngCalculationProfiles","Config!J61","UserInput","Material enum","-","-","Ignore","В Config нет подстановки неизвестного или частично пустого spec; полностью пустой spec остается ненастроенным, активную роль проверяет профиль","Назначенный LC с Calculation.Crack.Width","CCalculationProfileCatalog -> реальный LC reader/CBatchSectionCalculator -> State/Search/Engineering calculators -> canonical results и summary writers; writer не выполняет solve","Фактический MaterialSpec соответствующего State и независимый пересчет N/Mx/My по выбранным диаграммам; текущий State учитывает effective Extension, конечные предельные states физические","modTestProfileConfig.RunAudit03ProfileConfigTests","docs/regression/Audit03/profile_config_v175_2026-10-03.txt; docs/regression/Audit03/relocated_input_v176_2026-10-03.txt; docs/regression/Audit03/full_off_profile_config_v176b_2026-10-03.txt; docs/regression/Audit03/full_on_profile_config_v176_2026-10-03.txt","ActiveBehaviorAccepted:FullRangeReviewNotComplete","Ignore для активного CrackedState","Все допустимые варианты активной роли проверены отдельно на реальном Catalog -> Batch -> calculators. 88 material cases, компонентные допуски 0.01 Н/1 Н*мм; full-range/pairwise/mutation остальных настроек еще открыты",
"PR2.MaterialModel.CrackedState.ConcreteTension",,"rngCalculationProfiles","Config!K61","UserInput","Material enum","-","-","Ignore","В Config нет подстановки неизвестного или частично пустого spec; полностью пустой spec остается ненастроенным, активную роль проверяет профиль","Назначенный LC с Calculation.Crack.Width","CCalculationProfileCatalog -> реальный LC reader/CBatchSectionCalculator -> State/Search/Engineering calculators -> canonical results и summary writers; writer не выполняет solve","Фактический MaterialSpec соответствующего State и независимый пересчет N/Mx/My по выбранным диаграммам; текущий State учитывает effective Extension, конечные предельные states физические","modTestProfileConfig.RunAudit03ProfileConfigTests","docs/regression/Audit03/profile_config_v175_2026-10-03.txt; docs/regression/Audit03/relocated_input_v176_2026-10-03.txt; docs/regression/Audit03/full_off_profile_config_v176b_2026-10-03.txt; docs/regression/Audit03/full_on_profile_config_v176_2026-10-03.txt","ActiveBehaviorAccepted:FullRangeReviewNotComplete","Ignore для активного CrackedState","Все допустимые варианты активной роли проверены отдельно на реальном Catalog -> Batch -> calculators. 88 material cases, компонентные допуски 0.01 Н/1 Н*мм; full-range/pairwise/mutation остальных настроек еще открыты",
"PR3.MaterialModel.CrackedState.ConcreteTension",,"rngCalculationProfiles","Config!L61","UserInput","Material enum","-","-","Ignore","В Config нет подстановки неизвестного или частично пустого spec; полностью пустой spec остается ненастроенным, активную роль проверяет профиль","Назначенный LC с Calculation.Crack.Width","CCalculationProfileCatalog -> реальный LC reader/CBatchSectionCalculator -> State/Search/Engineering calculators -> canonical results и summary writers; writer не выполняет solve","Фактический MaterialSpec соответствующего State и независимый пересчет N/Mx/My по выбранным диаграммам; текущий State учитывает effective Extension, конечные предельные states физические","modTestProfileConfig.RunAudit03ProfileConfigTests","docs/regression/Audit03/profile_config_v175_2026-10-03.txt; docs/regression/Audit03/relocated_input_v176_2026-10-03.txt; docs/regression/Audit03/full_off_profile_config_v176b_2026-10-03.txt; docs/regression/Audit03/full_on_profile_config_v176_2026-10-03.txt","ActiveBehaviorAccepted:FullRangeReviewNotComplete","Ignore для активного CrackedState","Все допустимые варианты активной роли проверены отдельно на реальном Catalog -> Batch -> calculators. 88 material cases, компонентные допуски 0.01 Н/1 Н*мм; full-range/pairwise/mutation остальных настроек еще открыты",
"PR4.MaterialModel.CrackedState.ConcreteTension",,"rngCalculationProfiles","Config!M61","UserInput","Material enum","-","-","Ignore","В Config нет подстановки неизвестного или частично пустого spec; полностью пустой spec остается ненастроенным, активную роль проверяет профиль","Назначенный LC с Calculation.Crack.Width","CCalculationProfileCatalog -> реальный LC reader/CBatchSectionCalculator -> State/Search/Engineering calculators -> canonical results и summary writers; writer не выполняет solve","Фактический MaterialSpec соответствующего State и независимый пересчет N/Mx/My по выбранным диаграммам; текущий State учитывает effective Extension, конечные предельные states физические","modTestProfileConfig.RunAudit03ProfileConfigTests","docs/regression/Audit03/profile_config_v175_2026-10-03.txt; docs/regression/Audit03/relocated_input_v176_2026-10-03.txt; docs/regression/Audit03/full_off_profile_config_v176b_2026-10-03.txt; docs/regression/Audit03/full_on_profile_config_v176_2026-10-03.txt","ActiveBehaviorAccepted:FullRangeReviewNotComplete","Ignore для активного CrackedState","Все допустимые варианты активной роли проверены отдельно на реальном Catalog -> Batch -> calculators. 88 material cases, компонентные допуски 0.01 Н/1 Н*мм; full-range/pairwise/mutation остальных настроек еще открыты",
"PR1.MaterialModel.CrackedState.SteelDiagram",,"rngCalculationProfiles","Config!J62","UserInput","Material enum","-","-","TwoLine","В Config нет подстановки неизвестного или частично пустого spec; полностью пустой spec остается ненастроенным, активную роль проверяет профиль","Назначенный LC с Calculation.Crack.Width","CCalculationProfileCatalog -> реальный LC reader/CBatchSectionCalculator -> State/Search/Engineering calculators -> canonical results и summary writers; writer не выполняет solve","Фактический MaterialSpec соответствующего State и независимый пересчет N/Mx/My по выбранным диаграммам; текущий State учитывает effective Extension, конечные предельные states физические","modTestProfileConfig.RunAudit03ProfileConfigTests","docs/regression/Audit03/profile_config_v175_2026-10-03.txt; docs/regression/Audit03/relocated_input_v176_2026-10-03.txt; docs/regression/Audit03/full_off_profile_config_v176b_2026-10-03.txt; docs/regression/Audit03/full_on_profile_config_v176_2026-10-03.txt","ActiveBehaviorAccepted:FullRangeReviewNotComplete","TwoLine, ThreeLine","Все допустимые варианты активной роли проверены отдельно на реальном Catalog -> Batch -> calculators. 88 material cases, компонентные допуски 0.01 Н/1 Н*мм; full-range/pairwise/mutation остальных настроек еще открыты",
"PR2.MaterialModel.CrackedState.SteelDiagram",,"rngCalculationProfiles","Config!K62","UserInput","Material enum","-","-","TwoLine","В Config нет подстановки неизвестного или частично пустого spec; полностью пустой spec остается ненастроенным, активную роль проверяет профиль","Назначенный LC с Calculation.Crack.Width","CCalculationProfileCatalog -> реальный LC reader/CBatchSectionCalculator -> State/Search/Engineering calculators -> canonical results и summary writers; writer не выполняет solve","Фактический MaterialSpec соответствующего State и независимый пересчет N/Mx/My по выбранным диаграммам; текущий State учитывает effective Extension, конечные предельные states физические","modTestProfileConfig.RunAudit03ProfileConfigTests","docs/regression/Audit03/profile_config_v175_2026-10-03.txt; docs/regression/Audit03/relocated_input_v176_2026-10-03.txt; docs/regression/Audit03/full_off_profile_config_v176b_2026-10-03.txt; docs/regression/Audit03/full_on_profile_config_v176_2026-10-03.txt","ActiveBehaviorAccepted:FullRangeReviewNotComplete","TwoLine, ThreeLine","Все допустимые варианты активной роли проверены отдельно на реальном Catalog -> Batch -> calculators. 88 material cases, компонентные допуски 0.01 Н/1 Н*мм; full-range/pairwise/mutation остальных настроек еще открыты",
"PR3.MaterialModel.CrackedState.SteelDiagram",,"rngCalculationProfiles","Config!L62","UserInput","Material enum","-","-","TwoLine","В Config нет подстановки неизвестного или частично пустого spec; полностью пустой spec остается ненастроенным, активную роль проверяет профиль","Назначенный LC с Calculation.Crack.Width","CCalculationProfileCatalog -> реальный LC reader/CBatchSectionCalculator -> State/Search/Engineering calculators -> canonical results и summary writers; writer не выполняет solve","Фактический MaterialSpec соответствующего State и независимый пересчет N/Mx/My по выбранным диаграммам; текущий State учитывает effective Extension, конечные предельные states физические","modTestProfileConfig.RunAudit03ProfileConfigTests","docs/regression/Audit03/profile_config_v175_2026-10-03.txt; docs/regression/Audit03/relocated_input_v176_2026-10-03.txt; docs/regression/Audit03/full_off_profile_config_v176b_2026-10-03.txt; docs/regression/Audit03/full_on_profile_config_v176_2026-10-03.txt","ActiveBehaviorAccepted:FullRangeReviewNotComplete","TwoLine, ThreeLine","Все допустимые варианты активной роли проверены отдельно на реальном Catalog -> Batch -> calculators. 88 material cases, компонентные допуски 0.01 Н/1 Н*мм; full-range/pairwise/mutation остальных настроек еще открыты",
"PR4.MaterialModel.CrackedState.SteelDiagram",,"rngCalculationProfiles","Config!M62","UserInput","Material enum","-","-","TwoLine","В Config нет подстановки неизвестного или частично пустого spec; полностью пустой spec остается ненастроенным, активную роль проверяет профиль","Назначенный LC с Calculation.Crack.Width","CCalculationProfileCatalog -> реальный LC reader/CBatchSectionCalculator -> State/Search/Engineering calculators -> canonical results и summary writers; writer не выполняет solve","Фактический MaterialSpec соответствующего State и независимый пересчет N/Mx/My по выбранным диаграммам; текущий State учитывает effective Extension, конечные предельные states физические","modTestProfileConfig.RunAudit03ProfileConfigTests","docs/regression/Audit03/profile_config_v175_2026-10-03.txt; docs/regression/Audit03/relocated_input_v176_2026-10-03.txt; docs/regression/Audit03/full_off_profile_config_v176b_2026-10-03.txt; docs/regression/Audit03/full_on_profile_config_v176_2026-10-03.txt","ActiveBehaviorAccepted:FullRangeReviewNotComplete","TwoLine, ThreeLine","Все допустимые варианты активной роли проверены отдельно на реальном Catalog -> Batch -> calculators. 88 material cases, компонентные допуски 0.01 Н/1 Н*мм; full-range/pairwise/mutation остальных настроек еще открыты",
"PR1.Visualization.State",,"rngCalculationProfiles","Config!J64","UserInput","list","-","PendingPerFieldReview","StrengthState","PendingCallSiteReview","LC selects this ProfileId; own calculation or visualization role","CCalculationProfileCatalog -> batch / material spec / snapshot presentation","PendingDirectedBehaviorTest","NotRun","NotRun","Inventoried:BehaviorNotAccepted",,,
"PR2.Visualization.State",,"rngCalculationProfiles","Config!K64","UserInput","list","-","PendingPerFieldReview","CrackedState","PendingCallSiteReview","LC selects this ProfileId; own calculation or visualization role","CCalculationProfileCatalog -> batch / material spec / snapshot presentation","PendingDirectedBehaviorTest","NotRun","NotRun","Inventoried:BehaviorNotAccepted",,,
"PR3.Visualization.State",,"rngCalculationProfiles","Config!L64","UserInput","list","-","PendingPerFieldReview","StrengthState","PendingCallSiteReview","LC selects this ProfileId; own calculation or visualization role","CCalculationProfileCatalog -> batch / material spec / snapshot presentation","PendingDirectedBehaviorTest","NotRun","NotRun","Inventoried:BehaviorNotAccepted",,,
"PR4.Visualization.State",,"rngCalculationProfiles","Config!M64","UserInput","list","-","PendingPerFieldReview","StrengthState","PendingCallSiteReview","LC selects this ProfileId; own calculation or visualization role","CCalculationProfileCatalog -> batch / material spec / snapshot presentation","PendingDirectedBehaviorTest","NotRun","NotRun","Inventoried:BehaviorNotAccepted",,,
"PR1.Visualization.Quantity",,"rngCalculationProfiles","Config!J65","UserInput","list","-","PendingPerFieldReview","Stress","PendingCallSiteReview","LC selects this ProfileId; own calculation or visualization role","CCalculationProfileCatalog -> batch / material spec / snapshot presentation","PendingDirectedBehaviorTest","NotRun","NotRun","Inventoried:BehaviorNotAccepted",,,
"PR2.Visualization.Quantity",,"rngCalculationProfiles","Config!K65","UserInput","list","-","PendingPerFieldReview","Stress","PendingCallSiteReview","LC selects this ProfileId; own calculation or visualization role","CCalculationProfileCatalog -> batch / material spec / snapshot presentation","PendingDirectedBehaviorTest","NotRun","NotRun","Inventoried:BehaviorNotAccepted",,,
"PR3.Visualization.Quantity",,"rngCalculationProfiles","Config!L65","UserInput","list","-","PendingPerFieldReview","Stress","PendingCallSiteReview","LC selects this ProfileId; own calculation or visualization role","CCalculationProfileCatalog -> batch / material spec / snapshot presentation","PendingDirectedBehaviorTest","NotRun","NotRun","Inventoried:BehaviorNotAccepted",,,
"PR4.Visualization.Quantity",,"rngCalculationProfiles","Config!M65","UserInput","list","-","PendingPerFieldReview","Strain","PendingCallSiteReview","LC selects this ProfileId; own calculation or visualization role","CCalculationProfileCatalog -> batch / material spec / snapshot presentation","PendingDirectedBehaviorTest","NotRun","NotRun","Inventoried:BehaviorNotAccepted",,,
"PR1.Visualization.StressPrecision",,"rngCalculationProfiles","Config!J66","UserInput","TextOrNumber:PendingContractReview","-","PendingPerFieldReview","1","PendingCallSiteReview","LC selects this ProfileId; own calculation or visualization role","CCalculationProfileCatalog -> batch / material spec / snapshot presentation","PendingDirectedBehaviorTest","NotRun","NotRun","Inventoried:BehaviorNotAccepted",,,
"PR2.Visualization.StressPrecision",,"rngCalculationProfiles","Config!K66","UserInput","TextOrNumber:PendingContractReview","-","PendingPerFieldReview","1","PendingCallSiteReview","LC selects this ProfileId; own calculation or visualization role","CCalculationProfileCatalog -> batch / material spec / snapshot presentation","PendingDirectedBehaviorTest","NotRun","NotRun","Inventoried:BehaviorNotAccepted",,,
"PR3.Visualization.StressPrecision",,"rngCalculationProfiles","Config!L66","UserInput","TextOrNumber:PendingContractReview","-","PendingPerFieldReview","1","PendingCallSiteReview","LC selects this ProfileId; own calculation or visualization role","CCalculationProfileCatalog -> batch / material spec / snapshot presentation","PendingDirectedBehaviorTest","NotRun","NotRun","Inventoried:BehaviorNotAccepted",,,
"PR4.Visualization.StressPrecision",,"rngCalculationProfiles","Config!M66","UserInput","TextOrNumber:PendingContractReview","-","PendingPerFieldReview","1","PendingCallSiteReview","LC selects this ProfileId; own calculation or visualization role","CCalculationProfileCatalog -> batch / material spec / snapshot presentation","PendingDirectedBehaviorTest","NotRun","NotRun","Inventoried:BehaviorNotAccepted",,,
"PR1.Visualization.StrainPrecision",,"rngCalculationProfiles","Config!J67","UserInput","TextOrNumber:PendingContractReview","-","PendingPerFieldReview","6","PendingCallSiteReview","LC selects this ProfileId; own calculation or visualization role","CCalculationProfileCatalog -> batch / material spec / snapshot presentation","PendingDirectedBehaviorTest","NotRun","NotRun","Inventoried:BehaviorNotAccepted",,,
"PR2.Visualization.StrainPrecision",,"rngCalculationProfiles","Config!K67","UserInput","TextOrNumber:PendingContractReview","-","PendingPerFieldReview","6","PendingCallSiteReview","LC selects this ProfileId; own calculation or visualization role","CCalculationProfileCatalog -> batch / material spec / snapshot presentation","PendingDirectedBehaviorTest","NotRun","NotRun","Inventoried:BehaviorNotAccepted",,,
"PR3.Visualization.StrainPrecision",,"rngCalculationProfiles","Config!L67","UserInput","TextOrNumber:PendingContractReview","-","PendingPerFieldReview","6","PendingCallSiteReview","LC selects this ProfileId; own calculation or visualization role","CCalculationProfileCatalog -> batch / material spec / snapshot presentation","PendingDirectedBehaviorTest","NotRun","NotRun","Inventoried:BehaviorNotAccepted",,,
"PR4.Visualization.StrainPrecision",,"rngCalculationProfiles","Config!M67","UserInput","TextOrNumber:PendingContractReview","-","PendingPerFieldReview","6","PendingCallSiteReview","LC selects this ProfileId; own calculation or visualization role","CCalculationProfileCatalog -> batch / material spec / snapshot presentation","PendingDirectedBehaviorTest","NotRun","NotRun","Inventoried:BehaviorNotAccepted",,,
"Plot.Rebar.Enabled",,"rngPlotAnnotationSettings","Config!I71","UserInput","list","Yes/No","PendingPerFieldReview","PendingCatalogMapping","PendingCallSiteReview","Enabled annotation type Rebar; presentation only","CSystemSettingsReader -> CPlotAnnotationLayout / CSectionPlotter","PendingDirectedBehaviorTest","NotRun","NotRun","Inventoried:BehaviorNotAccepted",,,
"Plot.Dimension.Enabled",,"rngPlotAnnotationSettings","Config!J71","UserInput","list","Yes/No","PendingPerFieldReview","PendingCatalogMapping","PendingCallSiteReview","Enabled annotation type Dimension; presentation only","CSystemSettingsReader -> CPlotAnnotationLayout / CSectionPlotter","PendingDirectedBehaviorTest","NotRun","NotRun","Inventoried:BehaviorNotAccepted",,,
"Plot.Rebar.Placement",,"rngPlotAnnotationSettings","Config!I72","UserInput","list","-","PendingPerFieldReview","PendingCatalogMapping","PendingCallSiteReview","Enabled annotation type Rebar; presentation only","CSystemSettingsReader -> CPlotAnnotationLayout / CSectionPlotter","PendingDirectedBehaviorTest","NotRun","NotRun","Inventoried:BehaviorNotAccepted",,,
"Plot.Dimension.Placement",,"rngPlotAnnotationSettings","Config!J72","UserInput","list","-","PendingPerFieldReview","PendingCatalogMapping","PendingCallSiteReview","Enabled annotation type Dimension; presentation only","CSystemSettingsReader -> CPlotAnnotationLayout / CSectionPlotter","PendingDirectedBehaviorTest","NotRun","NotRun","Inventoried:BehaviorNotAccepted",,,
"Plot.Rebar.Offset",,"rngPlotAnnotationSettings","Config!I73","UserInput","TextOrNumber:PendingContractReview","мм","PendingPerFieldReview","PendingCatalogMapping","PendingCallSiteReview","Enabled annotation type Rebar; presentation only","CSystemSettingsReader -> CPlotAnnotationLayout / CSectionPlotter","PendingDirectedBehaviorTest","NotRun","NotRun","Inventoried:BehaviorNotAccepted",,,
"Plot.Dimension.Offset",,"rngPlotAnnotationSettings","Config!J73","UserInput","TextOrNumber:PendingContractReview","мм","PendingPerFieldReview","PendingCatalogMapping","PendingCallSiteReview","Enabled annotation type Dimension; presentation only","CSystemSettingsReader -> CPlotAnnotationLayout / CSectionPlotter","PendingDirectedBehaviorTest","NotRun","NotRun","Inventoried:BehaviorNotAccepted",,,
"Plot.Rebar.LineEnabled",,"rngPlotAnnotationSettings","Config!I74","UserInput","list","Yes/No","PendingPerFieldReview","PendingCatalogMapping","PendingCallSiteReview","Enabled annotation type Rebar; presentation only","CSystemSettingsReader -> CPlotAnnotationLayout / CSectionPlotter","PendingDirectedBehaviorTest","NotRun","NotRun","Inventoried:BehaviorNotAccepted",,,
"Plot.Dimension.LineEnabled",,"rngPlotAnnotationSettings","Config!J74","NotEditable:NotApplicableCell","TextOrNumber:PendingContractReview","Yes/No","PendingPerFieldReview","PendingCatalogMapping","PendingCallSiteReview","Enabled annotation type Dimension; presentation only","CSystemSettingsReader -> CPlotAnnotationLayout / CSectionPlotter","PendingDirectedBehaviorTest","NotRun","NotRun","Inventoried:BehaviorNotAccepted",,,
"Plot.Rebar.LineWeight",,"rngPlotAnnotationSettings","Config!I75","UserInput","TextOrNumber:PendingContractReview","pt","PendingPerFieldReview","PendingCatalogMapping","PendingCallSiteReview","Enabled annotation type Rebar; presentation only","CSystemSettingsReader -> CPlotAnnotationLayout / CSectionPlotter","PendingDirectedBehaviorTest","NotRun","NotRun","Inventoried:BehaviorNotAccepted",,,
"Plot.Dimension.LineWeight",,"rngPlotAnnotationSettings","Config!J75","UserInput","TextOrNumber:PendingContractReview","pt","PendingPerFieldReview","PendingCatalogMapping","PendingCallSiteReview","Enabled annotation type Dimension; presentation only","CSystemSettingsReader -> CPlotAnnotationLayout / CSectionPlotter","PendingDirectedBehaviorTest","NotRun","NotRun","Inventoried:BehaviorNotAccepted",,,
"Plot.Rebar.ExtensionLineWeight",,"rngPlotAnnotationSettings","Config!I76","NotEditable:NotApplicableCell","TextOrNumber:PendingContractReview","pt","PendingPerFieldReview","PendingCatalogMapping","PendingCallSiteReview","Enabled annotation type Rebar; presentation only","CSystemSettingsReader -> CPlotAnnotationLayout / CSectionPlotter","PendingDirectedBehaviorTest","NotRun","NotRun","Inventoried:BehaviorNotAccepted",,,
"Plot.Dimension.ExtensionLineWeight",,"rngPlotAnnotationSettings","Config!J76","UserInput","TextOrNumber:PendingContractReview","pt","PendingPerFieldReview","PendingCatalogMapping","PendingCallSiteReview","Enabled annotation type Dimension; presentation only","CSystemSettingsReader -> CPlotAnnotationLayout / CSectionPlotter","PendingDirectedBehaviorTest","NotRun","NotRun","Inventoried:BehaviorNotAccepted",,,
"Plot.Rebar.TextUnits",,"rngPlotAnnotationSettings","Config!I77","UserInput","list","-","PendingPerFieldReview","PendingCatalogMapping","PendingCallSiteReview","Enabled annotation type Rebar; presentation only","CSystemSettingsReader -> CPlotAnnotationLayout / CSectionPlotter","PendingDirectedBehaviorTest","NotRun","NotRun","Inventoried:BehaviorNotAccepted",,,
"Plot.Dimension.TextUnits",,"rngPlotAnnotationSettings","Config!J77","UserInput","list","-","PendingPerFieldReview","PendingCatalogMapping","PendingCallSiteReview","Enabled annotation type Dimension; presentation only","CSystemSettingsReader -> CPlotAnnotationLayout / CSectionPlotter","PendingDirectedBehaviorTest","NotRun","NotRun","Inventoried:BehaviorNotAccepted",,,
"Plot.Rebar.TextHeight",,"rngPlotAnnotationSettings","Config!I78","UserInput","TextOrNumber:PendingContractReview","pt","PendingPerFieldReview","PendingCatalogMapping","PendingCallSiteReview","Enabled annotation type Rebar; presentation only","CSystemSettingsReader -> CPlotAnnotationLayout / CSectionPlotter","PendingDirectedBehaviorTest","NotRun","NotRun","Inventoried:BehaviorNotAccepted",,,
"Plot.Dimension.TextHeight",,"rngPlotAnnotationSettings","Config!J78","UserInput","TextOrNumber:PendingContractReview","pt","PendingPerFieldReview","PendingCatalogMapping","PendingCallSiteReview","Enabled annotation type Dimension; presentation only","CSystemSettingsReader -> CPlotAnnotationLayout / CSectionPlotter","PendingDirectedBehaviorTest","NotRun","NotRun","Inventoried:BehaviorNotAccepted",,,
"Plot.Rebar.TextGap",,"rngPlotAnnotationSettings","Config!I79","UserInput","TextOrNumber:PendingContractReview","pt","PendingPerFieldReview","PendingCatalogMapping","PendingCallSiteReview","Enabled annotation type Rebar; presentation only","CSystemSettingsReader -> CPlotAnnotationLayout / CSectionPlotter","PendingDirectedBehaviorTest","NotRun","NotRun","Inventoried:BehaviorNotAccepted",,,
"Plot.Dimension.TextGap",,"rngPlotAnnotationSettings","Config!J79","UserInput","TextOrNumber:PendingContractReview","pt","PendingPerFieldReview","PendingCatalogMapping","PendingCallSiteReview","Enabled annotation type Dimension; presentation only","CSystemSettingsReader -> CPlotAnnotationLayout / CSectionPlotter","PendingDirectedBehaviorTest","NotRun","NotRun","Inventoried:BehaviorNotAccepted",,,
"Plot.Rebar.ArrowType",,"rngPlotAnnotationSettings","Config!I80","NotEditable:NotApplicableCell","TextOrNumber:PendingContractReview","-","PendingPerFieldReview","PendingCatalogMapping","PendingCallSiteReview","Enabled annotation type Rebar; presentation only","CSystemSettingsReader -> CPlotAnnotationLayout / CSectionPlotter","PendingDirectedBehaviorTest","NotRun","NotRun","Inventoried:BehaviorNotAccepted",,,
"Plot.Dimension.ArrowType",,"rngPlotAnnotationSettings","Config!J80","UserInput","list","-","PendingPerFieldReview","PendingCatalogMapping","PendingCallSiteReview","Enabled annotation type Dimension; presentation only","CSystemSettingsReader -> CPlotAnnotationLayout / CSectionPlotter","PendingDirectedBehaviorTest","NotRun","NotRun","Inventoried:BehaviorNotAccepted",,,
"Plot.Rebar.ArrowSize",,"rngPlotAnnotationSettings","Config!I81","NotEditable:NotApplicableCell","TextOrNumber:PendingContractReview","-","PendingPerFieldReview","PendingCatalogMapping","PendingCallSiteReview","Enabled annotation type Rebar; presentation only","CSystemSettingsReader -> CPlotAnnotationLayout / CSectionPlotter","PendingDirectedBehaviorTest","NotRun","NotRun","Inventoried:BehaviorNotAccepted",,,
"Plot.Dimension.ArrowSize",,"rngPlotAnnotationSettings","Config!J81","UserInput","list","-","PendingPerFieldReview","PendingCatalogMapping","PendingCallSiteReview","Enabled annotation type Dimension; presentation only","CSystemSettingsReader -> CPlotAnnotationLayout / CSectionPlotter","PendingDirectedBehaviorTest","NotRun","NotRun","Inventoried:BehaviorNotAccepted",,,
"Plot.Rebar.Color",,"rngPlotAnnotationSettings","Config!I82","UserInput","TextOrNumber:PendingContractReview","RGB","PendingPerFieldReview","PendingCatalogMapping","PendingCallSiteReview","Enabled annotation type Rebar; presentation only","CSystemSettingsReader -> CPlotAnnotationLayout / CSectionPlotter","PendingDirectedBehaviorTest","NotRun","NotRun","Inventoried:BehaviorNotAccepted",,,
"Plot.Dimension.Color",,"rngPlotAnnotationSettings","Config!J82","UserInput","TextOrNumber:PendingContractReview","RGB","PendingPerFieldReview","PendingCatalogMapping","PendingCallSiteReview","Enabled annotation type Dimension; presentation only","CSystemSettingsReader -> CPlotAnnotationLayout / CSectionPlotter","PendingDirectedBehaviorTest","NotRun","NotRun","Inventoried:BehaviorNotAccepted",,,
"Plot.Rebar.ExtensionLineColor",,"rngPlotAnnotationSettings","Config!I83","NotEditable:NotApplicableCell","TextOrNumber:PendingContractReview","RGB","PendingPerFieldReview","PendingCatalogMapping","PendingCallSiteReview","Enabled annotation type Rebar; presentation only","CSystemSettingsReader -> CPlotAnnotationLayout / CSectionPlotter","PendingDirectedBehaviorTest","NotRun","NotRun","Inventoried:BehaviorNotAccepted",,,
"Plot.Dimension.ExtensionLineColor",,"rngPlotAnnotationSettings","Config!J83","UserInput","TextOrNumber:PendingContractReview","RGB","PendingPerFieldReview","PendingCatalogMapping","PendingCallSiteReview","Enabled annotation type Dimension; presentation only","CSystemSettingsReader -> CPlotAnnotationLayout / CSectionPlotter","PendingDirectedBehaviorTest","NotRun","NotRun","Inventoried:BehaviorNotAccepted",,,
"rngRoundedRectangleGeometry.Dimensions.Размеры сечения.B.Config!I130","RoundedRectangle.B","rngRoundedRectangleGeometry","Config!I130","UserInput","Double","Length input / count / selector: see physical field","mm","PendingCatalogMapping","300 при отсутствующем ключе; окончательная приемка обязательности/отсутствующего Config отдельно","Geometry.Type = RoundedRectangle","Фактические таблицы Config -> CSystemSettingsReader -> CUnitSystem -> CSectionTypeRegistry -> CGeometryRectSet/CGeometryRoundedRectangle/CGeometryHollowRectangle; наружные n -> CHollowRectRebarLayoutBuilder","База 600 -> 650 мм меняет площадь и габарит","modTestGeometryConfig.RunAudit03ShapeConfigTests","docs/regression/Audit03/shape_config_final_v134_2026-10-03.txt; docs/regression/Audit03/shape_config_full_off_v134_2026-10-03.txt; docs/regression/Audit03/shape_config_full_on_v134_2026-10-03.txt","ActiveBehaviorAccepted:FullRangeReviewNotComplete","Положительное число; скругления должны помещаться","Положительная мутация, недопустимое отрицательное/Unknown либо чрезмерное смещение, recovery, Circle inactive, cm-equivalence. Условно неактивные размеры и все три RectSet режима проверены. Blank/error-cell/missing/полные непрерывные границы еще не получают PASS.",
"rngRoundedRectangleGeometry.Dimensions.Размеры сечения.H.Config!J130","RoundedRectangle.H","rngRoundedRectangleGeometry","Config!J130","UserInput","Double","Length input / count / selector: see physical field","mm","PendingCatalogMapping","200 при отсутствующем ключе; окончательная приемка обязательности/отсутствующего Config отдельно","Geometry.Type = RoundedRectangle","Фактические таблицы Config -> CSystemSettingsReader -> CUnitSystem -> CSectionTypeRegistry -> CGeometryRectSet/CGeometryRoundedRectangle/CGeometryHollowRectangle; наружные n -> CHollowRectRebarLayoutBuilder","Высота 400 -> 450 мм меняет площадь и габарит","modTestGeometryConfig.RunAudit03ShapeConfigTests","docs/regression/Audit03/shape_config_final_v134_2026-10-03.txt; docs/regression/Audit03/shape_config_full_off_v134_2026-10-03.txt; docs/regression/Audit03/shape_config_full_on_v134_2026-10-03.txt","ActiveBehaviorAccepted:FullRangeReviewNotComplete","Положительное число; скругления должны помещаться","Положительная мутация, недопустимое отрицательное/Unknown либо чрезмерное смещение, recovery, Circle inactive, cm-equivalence. Условно неактивные размеры и все три RectSet режима проверены. Blank/error-cell/missing/полные непрерывные границы еще не получают PASS.",
"rngRoundedRectangleGeometry.Side.тип Simple / Tapered.слева.Config!I134","RoundedRectangle.Left.Type","rngRoundedRectangleGeometry","Config!I134","UserInput","Enum","Length input / count / selector: see physical field","-","PendingCatalogMapping","Simple при отсутствующем ключе; окончательная приемка обязательности/отсутствующего Config отдельно","Geometry.Type = RoundedRectangle","Фактические таблицы Config -> CSystemSettingsReader -> CUnitSystem -> CSectionTypeRegistry -> CGeometryRectSet/CGeometryRoundedRectangle/CGeometryHollowRectangle; наружные n -> CHollowRectRebarLayoutBuilder","Левый Tapered -> Simple меняет площадь/центр","modTestGeometryConfig.RunAudit03ShapeConfigTests","docs/regression/Audit03/shape_config_final_v134_2026-10-03.txt; docs/regression/Audit03/shape_config_full_off_v134_2026-10-03.txt; docs/regression/Audit03/shape_config_full_on_v134_2026-10-03.txt","ActiveBehaviorAccepted:FullRangeReviewNotComplete","Simple / Tapered","Положительная мутация, недопустимое отрицательное/Unknown либо чрезмерное смещение, recovery, Circle inactive, cm-equivalence. Условно неактивные размеры и все три RectSet режима проверены. Blank/error-cell/missing/полные непрерывные границы еще не получают PASS.",
"rngRoundedRectangleGeometry.Side.тип Simple / Tapered.справа.Config!J134","RoundedRectangle.Right.Type","rngRoundedRectangleGeometry","Config!J134","UserInput","Enum","Length input / count / selector: see physical field","-","PendingCatalogMapping","Simple при отсутствующем ключе; окончательная приемка обязательности/отсутствующего Config отдельно","Geometry.Type = RoundedRectangle","Фактические таблицы Config -> CSystemSettingsReader -> CUnitSystem -> CSectionTypeRegistry -> CGeometryRectSet/CGeometryRoundedRectangle/CGeometryHollowRectangle; наружные n -> CHollowRectRebarLayoutBuilder","Правый Tapered -> Simple меняет площадь/центр","modTestGeometryConfig.RunAudit03ShapeConfigTests","docs/regression/Audit03/shape_config_final_v134_2026-10-03.txt; docs/regression/Audit03/shape_config_full_off_v134_2026-10-03.txt; docs/regression/Audit03/shape_config_full_on_v134_2026-10-03.txt","ActiveBehaviorAccepted:FullRangeReviewNotComplete","Simple / Tapered","Положительная мутация, недопустимое отрицательное/Unknown либо чрезмерное смещение, recovery, Circle inactive, cm-equivalence. Условно неактивные размеры и все три RectSet режима проверены. Blank/error-cell/missing/полные непрерывные границы еще не получают PASS.",
"rngRoundedRectangleGeometry.Side.W.слева.Config!I135","RoundedRectangle.Left.W","rngRoundedRectangleGeometry","Config!I135","UserInput","Double","Length input / count / selector: see physical field","mm","PendingCatalogMapping","0 при отсутствующем ключе; окончательная приемка обязательности/отсутствующего Config отдельно","RoundedRectangle.Left.Type = Tapered","Фактические таблицы Config -> CSystemSettingsReader -> CUnitSystem -> CSectionTypeRegistry -> CGeometryRectSet/CGeometryRoundedRectangle/CGeometryHollowRectangle; наружные n -> CHollowRectRebarLayoutBuilder","Левый вынос 100 -> 130 мм меняет площадь/центр","modTestGeometryConfig.RunAudit03ShapeConfigTests","docs/regression/Audit03/shape_config_final_v134_2026-10-03.txt; docs/regression/Audit03/shape_config_full_off_v134_2026-10-03.txt; docs/regression/Audit03/shape_config_full_on_v134_2026-10-03.txt","ActiveBehaviorAccepted:FullRangeReviewNotComplete","Для Tapered > GEOM_TOLERANCE; для Simple не влияет на форму","Положительная мутация, недопустимое отрицательное/Unknown либо чрезмерное смещение, recovery, Circle inactive, cm-equivalence. Условно неактивные размеры и все три RectSet режима проверены. Blank/error-cell/missing/полные непрерывные границы еще не получают PASS.",
"rngRoundedRectangleGeometry.Side.W.справа.Config!J135","RoundedRectangle.Right.W","rngRoundedRectangleGeometry","Config!J135","UserInput","Double","Length input / count / selector: see physical field","mm","PendingCatalogMapping","0 при отсутствующем ключе; окончательная приемка обязательности/отсутствующего Config отдельно","RoundedRectangle.Right.Type = Tapered","Фактические таблицы Config -> CSystemSettingsReader -> CUnitSystem -> CSectionTypeRegistry -> CGeometryRectSet/CGeometryRoundedRectangle/CGeometryHollowRectangle; наружные n -> CHollowRectRebarLayoutBuilder","Правый вынос 100 -> 130 мм меняет площадь/центр","modTestGeometryConfig.RunAudit03ShapeConfigTests","docs/regression/Audit03/shape_config_final_v134_2026-10-03.txt; docs/regression/Audit03/shape_config_full_off_v134_2026-10-03.txt; docs/regression/Audit03/shape_config_full_on_v134_2026-10-03.txt","ActiveBehaviorAccepted:FullRangeReviewNotComplete","Для Tapered > GEOM_TOLERANCE; для Simple не влияет на форму","Положительная мутация, недопустимое отрицательное/Unknown либо чрезмерное смещение, recovery, Circle inactive, cm-equivalence. Условно неактивные размеры и все три RectSet режима проверены. Blank/error-cell/missing/полные непрерывные границы еще не получают PASS.",
"rngRoundedRectangleGeometry.Side.R1.слева.Config!I136","RoundedRectangle.Left.R1","rngRoundedRectangleGeometry","Config!I136","UserInput","Double","Length input / count / selector: see physical field","mm","PendingCatalogMapping","0 при отсутствующем ключе; окончательная приемка обязательности/отсутствующего Config отдельно","Geometry.Type = RoundedRectangle","Фактические таблицы Config -> CSystemSettingsReader -> CUnitSystem -> CSectionTypeRegistry -> CGeometryRectSet/CGeometryRoundedRectangle/CGeometryHollowRectangle; наружные n -> CHollowRectRebarLayoutBuilder","Левый радиус сопряжения 30 -> 45 мм меняет площадь/центр","modTestGeometryConfig.RunAudit03ShapeConfigTests","docs/regression/Audit03/shape_config_final_v134_2026-10-03.txt; docs/regression/Audit03/shape_config_full_off_v134_2026-10-03.txt; docs/regression/Audit03/shape_config_full_on_v134_2026-10-03.txt","ActiveBehaviorAccepted:FullRangeReviewNotComplete","Неотрицательный радиус; касательные соседних скруглений должны помещаться","Положительная мутация, недопустимое отрицательное/Unknown либо чрезмерное смещение, recovery, Circle inactive, cm-equivalence. Условно неактивные размеры и все три RectSet режима проверены. Blank/error-cell/missing/полные непрерывные границы еще не получают PASS.",
"rngRoundedRectangleGeometry.Side.R1.справа.Config!J136","RoundedRectangle.Right.R1","rngRoundedRectangleGeometry","Config!J136","UserInput","Double","Length input / count / selector: see physical field","mm","PendingCatalogMapping","0 при отсутствующем ключе; окончательная приемка обязательности/отсутствующего Config отдельно","Geometry.Type = RoundedRectangle","Фактические таблицы Config -> CSystemSettingsReader -> CUnitSystem -> CSectionTypeRegistry -> CGeometryRectSet/CGeometryRoundedRectangle/CGeometryHollowRectangle; наружные n -> CHollowRectRebarLayoutBuilder","Правый радиус сопряжения 30 -> 45 мм меняет площадь/центр","modTestGeometryConfig.RunAudit03ShapeConfigTests","docs/regression/Audit03/shape_config_final_v134_2026-10-03.txt; docs/regression/Audit03/shape_config_full_off_v134_2026-10-03.txt; docs/regression/Audit03/shape_config_full_on_v134_2026-10-03.txt","ActiveBehaviorAccepted:FullRangeReviewNotComplete","Неотрицательный радиус; касательные соседних скруглений должны помещаться","Положительная мутация, недопустимое отрицательное/Unknown либо чрезмерное смещение, recovery, Circle inactive, cm-equivalence. Условно неактивные размеры и все три RectSet режима проверены. Blank/error-cell/missing/полные непрерывные границы еще не получают PASS.",
"rngRoundedRectangleGeometry.Side.R2.слева.Config!I137","RoundedRectangle.Left.R2","rngRoundedRectangleGeometry","Config!I137","UserInput","Double","Length input / count / selector: see physical field","mm","PendingCatalogMapping","0 при отсутствующем ключе; окончательная приемка обязательности/отсутствующего Config отдельно","RoundedRectangle.Left.Type = Tapered; Simple не использует R2","Фактические таблицы Config -> CSystemSettingsReader -> CUnitSystem -> CSectionTypeRegistry -> CGeometryRectSet/CGeometryRoundedRectangle/CGeometryHollowRectangle; наружные n -> CHollowRectRebarLayoutBuilder","Левый носовой радиус 20 -> 35 мм меняет площадь/центр","modTestGeometryConfig.RunAudit03ShapeConfigTests","docs/regression/Audit03/shape_config_final_v134_2026-10-03.txt; docs/regression/Audit03/shape_config_full_off_v134_2026-10-03.txt; docs/regression/Audit03/shape_config_full_on_v134_2026-10-03.txt","ActiveBehaviorAccepted:FullRangeReviewNotComplete","Неотрицательный радиус; касательные соседних скруглений должны помещаться","Положительная мутация, недопустимое отрицательное/Unknown либо чрезмерное смещение, recovery, Circle inactive, cm-equivalence. Условно неактивные размеры и все три RectSet режима проверены. Blank/error-cell/missing/полные непрерывные границы еще не получают PASS.",
"rngRoundedRectangleGeometry.Side.R2.справа.Config!J137","RoundedRectangle.Right.R2","rngRoundedRectangleGeometry","Config!J137","UserInput","Double","Length input / count / selector: see physical field","mm","PendingCatalogMapping","0 при отсутствующем ключе; окончательная приемка обязательности/отсутствующего Config отдельно","RoundedRectangle.Right.Type = Tapered; Simple не использует R2","Фактические таблицы Config -> CSystemSettingsReader -> CUnitSystem -> CSectionTypeRegistry -> CGeometryRectSet/CGeometryRoundedRectangle/CGeometryHollowRectangle; наружные n -> CHollowRectRebarLayoutBuilder","Правый носовой радиус 20 -> 35 мм меняет площадь/центр","modTestGeometryConfig.RunAudit03ShapeConfigTests","docs/regression/Audit03/shape_config_final_v134_2026-10-03.txt; docs/regression/Audit03/shape_config_full_off_v134_2026-10-03.txt; docs/regression/Audit03/shape_config_full_on_v134_2026-10-03.txt","ActiveBehaviorAccepted:FullRangeReviewNotComplete","Неотрицательный радиус; касательные соседних скруглений должны помещаться","Положительная мутация, недопустимое отрицательное/Unknown либо чрезмерное смещение, recovery, Circle inactive, cm-equivalence. Условно неактивные размеры и все три RectSet режима проверены. Blank/error-cell/missing/полные непрерывные границы еще не получают PASS.",
"rngRoundedRectangleGeometry.MainRebar.H - левая.as.Config!I140",,"rngRoundedRectangleGeometry","Config!I140","UserInput","TextOrNumber:PendingContractReview","Length input / count / selector: see physical field","PendingPerFieldReview","PendingCatalogMapping","PendingCallSiteReview","Generated selected shape; face/side/row contract; inactive geometry does not affect active shape","CSystemSettingsReader -> geometry / rebar builder -> CSectionModel","PendingDirectedBehaviorTest","NotRun","NotRun","Inventoried:BehaviorNotAccepted",,,
"rngRoundedRectangleGeometry.MainRebar.H - левая.d.Config!J140",,"rngRoundedRectangleGeometry","Config!J140","UserInput","TextOrNumber:PendingContractReview","Length input / count / selector: see physical field","PendingPerFieldReview","PendingCatalogMapping","PendingCallSiteReview","Generated selected shape; face/side/row contract; inactive geometry does not affect active shape","CSystemSettingsReader -> geometry / rebar builder -> CSectionModel","PendingDirectedBehaviorTest","NotRun","NotRun","Inventoried:BehaviorNotAccepted",,,
"rngRoundedRectangleGeometry.MainRebar.H - левая.n.Config!K140",,"rngRoundedRectangleGeometry","Config!K140","UserInput","TextOrNumber:PendingContractReview","Length input / count / selector: see physical field","PendingPerFieldReview","PendingCatalogMapping","PendingCallSiteReview","Generated selected shape; face/side/row contract; inactive geometry does not affect active shape","CSystemSettingsReader -> geometry / rebar builder -> CSectionModel","PendingDirectedBehaviorTest","NotRun","NotRun","Inventoried:BehaviorNotAccepted",,,
"rngRoundedRectangleGeometry.MainRebar.H - правая.as.Config!I141",,"rngRoundedRectangleGeometry","Config!I141","UserInput","TextOrNumber:PendingContractReview","Length input / count / selector: see physical field","PendingPerFieldReview","PendingCatalogMapping","PendingCallSiteReview","Generated selected shape; face/side/row contract; inactive geometry does not affect active shape","CSystemSettingsReader -> geometry / rebar builder -> CSectionModel","PendingDirectedBehaviorTest","NotRun","NotRun","Inventoried:BehaviorNotAccepted",,,
"rngRoundedRectangleGeometry.MainRebar.H - правая.d.Config!J141",,"rngRoundedRectangleGeometry","Config!J141","UserInput","TextOrNumber:PendingContractReview","Length input / count / selector: see physical field","PendingPerFieldReview","PendingCatalogMapping","PendingCallSiteReview","Generated selected shape; face/side/row contract; inactive geometry does not affect active shape","CSystemSettingsReader -> geometry / rebar builder -> CSectionModel","PendingDirectedBehaviorTest","NotRun","NotRun","Inventoried:BehaviorNotAccepted",,,
"rngRoundedRectangleGeometry.MainRebar.H - правая.n.Config!K141",,"rngRoundedRectangleGeometry","Config!K141","UserInput","TextOrNumber:PendingContractReview","Length input / count / selector: see physical field","PendingPerFieldReview","PendingCatalogMapping","PendingCallSiteReview","Generated selected shape; face/side/row contract; inactive geometry does not affect active shape","CSystemSettingsReader -> geometry / rebar builder -> CSectionModel","PendingDirectedBehaviorTest","NotRun","NotRun","Inventoried:BehaviorNotAccepted",,,
"rngRoundedRectangleGeometry.MainRebar.B - верхняя.as.Config!I142",,"rngRoundedRectangleGeometry","Config!I142","UserInput","TextOrNumber:PendingContractReview","Length input / count / selector: see physical field","PendingPerFieldReview","PendingCatalogMapping","PendingCallSiteReview","Generated selected shape; face/side/row contract; inactive geometry does not affect active shape","CSystemSettingsReader -> geometry / rebar builder -> CSectionModel","PendingDirectedBehaviorTest","NotRun","NotRun","Inventoried:BehaviorNotAccepted",,,
"rngRoundedRectangleGeometry.MainRebar.B - верхняя.d.Config!J142",,"rngRoundedRectangleGeometry","Config!J142","UserInput","TextOrNumber:PendingContractReview","Length input / count / selector: see physical field","PendingPerFieldReview","PendingCatalogMapping","PendingCallSiteReview","Generated selected shape; face/side/row contract; inactive geometry does not affect active shape","CSystemSettingsReader -> geometry / rebar builder -> CSectionModel","PendingDirectedBehaviorTest","NotRun","NotRun","Inventoried:BehaviorNotAccepted",,,
"rngRoundedRectangleGeometry.MainRebar.B - верхняя.n.Config!K142",,"rngRoundedRectangleGeometry","Config!K142","UserInput","TextOrNumber:PendingContractReview","Length input / count / selector: see physical field","PendingPerFieldReview","PendingCatalogMapping","PendingCallSiteReview","Generated selected shape; face/side/row contract; inactive geometry does not affect active shape","CSystemSettingsReader -> geometry / rebar builder -> CSectionModel","PendingDirectedBehaviorTest","NotRun","NotRun","Inventoried:BehaviorNotAccepted",,,
"rngRoundedRectangleGeometry.MainRebar.B - нижняя.as.Config!I143",,"rngRoundedRectangleGeometry","Config!I143","UserInput","TextOrNumber:PendingContractReview","Length input / count / selector: see physical field","PendingPerFieldReview","PendingCatalogMapping","PendingCallSiteReview","Generated selected shape; face/side/row contract; inactive geometry does not affect active shape","CSystemSettingsReader -> geometry / rebar builder -> CSectionModel","PendingDirectedBehaviorTest","NotRun","NotRun","Inventoried:BehaviorNotAccepted",,,
"rngRoundedRectangleGeometry.MainRebar.B - нижняя.d.Config!J143",,"rngRoundedRectangleGeometry","Config!J143","UserInput","TextOrNumber:PendingContractReview","Length input / count / selector: see physical field","PendingPerFieldReview","PendingCatalogMapping","PendingCallSiteReview","Generated selected shape; face/side/row contract; inactive geometry does not affect active shape","CSystemSettingsReader -> geometry / rebar builder -> CSectionModel","PendingDirectedBehaviorTest","NotRun","NotRun","Inventoried:BehaviorNotAccepted",,,
"rngRoundedRectangleGeometry.MainRebar.B - нижняя.n.Config!K143",,"rngRoundedRectangleGeometry","Config!K143","UserInput","TextOrNumber:PendingContractReview","Length input / count / selector: see physical field","PendingPerFieldReview","PendingCatalogMapping","PendingCallSiteReview","Generated selected shape; face/side/row contract; inactive geometry does not affect active shape","CSystemSettingsReader -> geometry / rebar builder -> CSectionModel","PendingDirectedBehaviorTest","NotRun","NotRun","Inventoried:BehaviorNotAccepted",,,
"rngRoundedRectangleGeometry.ExtraRebar.H - левая.d2.Config!I146",,"rngRoundedRectangleGeometry","Config!I146","UserInput","TextOrNumber:PendingContractReview","Length input / count / selector: see physical field","PendingPerFieldReview","PendingCatalogMapping","PendingCallSiteReview","Generated selected shape; face/side/row contract; inactive geometry does not affect active shape","CSystemSettingsReader -> geometry / rebar builder -> CSectionModel","PendingDirectedBehaviorTest","NotRun","NotRun","Inventoried:BehaviorNotAccepted",,,
"rngRoundedRectangleGeometry.ExtraRebar.H - левая.положение.Config!J146",,"rngRoundedRectangleGeometry","Config!J146","UserInput","list","Length input / count / selector: see physical field","PendingPerFieldReview","PendingCatalogMapping","PendingCallSiteReview","Generated selected shape; face/side/row contract; inactive geometry does not affect active shape","CSystemSettingsReader -> geometry / rebar builder -> CSectionModel","PendingDirectedBehaviorTest","NotRun","NotRun","Inventoried:BehaviorNotAccepted",,,
"rngRoundedRectangleGeometry.ExtraRebar.H - левая.привязка.Config!K146",,"rngRoundedRectangleGeometry","Config!K146","UserInput","list","Length input / count / selector: see physical field","PendingPerFieldReview","PendingCatalogMapping","PendingCallSiteReview","Generated selected shape; face/side/row contract; inactive geometry does not affect active shape","CSystemSettingsReader -> geometry / rebar builder -> CSectionModel","PendingDirectedBehaviorTest","NotRun","NotRun","Inventoried:BehaviorNotAccepted",,,
"rngRoundedRectangleGeometry.ExtraRebar.H - левая.d3.Config!L146",,"rngRoundedRectangleGeometry","Config!L146","UserInput","TextOrNumber:PendingContractReview","Length input / count / selector: see physical field","PendingPerFieldReview","PendingCatalogMapping","PendingCallSiteReview","Generated selected shape; face/side/row contract; inactive geometry does not affect active shape","CSystemSettingsReader -> geometry / rebar builder -> CSectionModel","PendingDirectedBehaviorTest","NotRun","NotRun","Inventoried:BehaviorNotAccepted",,,
"rngRoundedRectangleGeometry.ExtraRebar.H - левая.положение.Config!M146",,"rngRoundedRectangleGeometry","Config!M146","UserInput","list","Length input / count / selector: see physical field","PendingPerFieldReview","PendingCatalogMapping","PendingCallSiteReview","Generated selected shape; face/side/row contract; inactive geometry does not affect active shape","CSystemSettingsReader -> geometry / rebar builder -> CSectionModel","PendingDirectedBehaviorTest","NotRun","NotRun","Inventoried:BehaviorNotAccepted",,,
"rngRoundedRectangleGeometry.ExtraRebar.H - левая.привязка.Config!N146",,"rngRoundedRectangleGeometry","Config!N146","UserInput","list","Length input / count / selector: see physical field","PendingPerFieldReview","PendingCatalogMapping","PendingCallSiteReview","Generated selected shape; face/side/row contract; inactive geometry does not affect active shape","CSystemSettingsReader -> geometry / rebar builder -> CSectionModel","PendingDirectedBehaviorTest","NotRun","NotRun","Inventoried:BehaviorNotAccepted",,,
"rngRoundedRectangleGeometry.ExtraRebar.H - правая.d2.Config!I147",,"rngRoundedRectangleGeometry","Config!I147","UserInput","TextOrNumber:PendingContractReview","Length input / count / selector: see physical field","PendingPerFieldReview","PendingCatalogMapping","PendingCallSiteReview","Generated selected shape; face/side/row contract; inactive geometry does not affect active shape","CSystemSettingsReader -> geometry / rebar builder -> CSectionModel","PendingDirectedBehaviorTest","NotRun","NotRun","Inventoried:BehaviorNotAccepted",,,
"rngRoundedRectangleGeometry.ExtraRebar.H - правая.положение.Config!J147",,"rngRoundedRectangleGeometry","Config!J147","UserInput","list","Length input / count / selector: see physical field","PendingPerFieldReview","PendingCatalogMapping","PendingCallSiteReview","Generated selected shape; face/side/row contract; inactive geometry does not affect active shape","CSystemSettingsReader -> geometry / rebar builder -> CSectionModel","PendingDirectedBehaviorTest","NotRun","NotRun","Inventoried:BehaviorNotAccepted",,,
"rngRoundedRectangleGeometry.ExtraRebar.H - правая.привязка.Config!K147",,"rngRoundedRectangleGeometry","Config!K147","UserInput","list","Length input / count / selector: see physical field","PendingPerFieldReview","PendingCatalogMapping","PendingCallSiteReview","Generated selected shape; face/side/row contract; inactive geometry does not affect active shape","CSystemSettingsReader -> geometry / rebar builder -> CSectionModel","PendingDirectedBehaviorTest","NotRun","NotRun","Inventoried:BehaviorNotAccepted",,,
"rngRoundedRectangleGeometry.ExtraRebar.H - правая.d3.Config!L147",,"rngRoundedRectangleGeometry","Config!L147","UserInput","TextOrNumber:PendingContractReview","Length input / count / selector: see physical field","PendingPerFieldReview","PendingCatalogMapping","PendingCallSiteReview","Generated selected shape; face/side/row contract; inactive geometry does not affect active shape","CSystemSettingsReader -> geometry / rebar builder -> CSectionModel","PendingDirectedBehaviorTest","NotRun","NotRun","Inventoried:BehaviorNotAccepted",,,
"rngRoundedRectangleGeometry.ExtraRebar.H - правая.положение.Config!M147",,"rngRoundedRectangleGeometry","Config!M147","UserInput","list","Length input / count / selector: see physical field","PendingPerFieldReview","PendingCatalogMapping","PendingCallSiteReview","Generated selected shape; face/side/row contract; inactive geometry does not affect active shape","CSystemSettingsReader -> geometry / rebar builder -> CSectionModel","PendingDirectedBehaviorTest","NotRun","NotRun","Inventoried:BehaviorNotAccepted",,,
"rngRoundedRectangleGeometry.ExtraRebar.H - правая.привязка.Config!N147",,"rngRoundedRectangleGeometry","Config!N147","UserInput","list","Length input / count / selector: see physical field","PendingPerFieldReview","PendingCatalogMapping","PendingCallSiteReview","Generated selected shape; face/side/row contract; inactive geometry does not affect active shape","CSystemSettingsReader -> geometry / rebar builder -> CSectionModel","PendingDirectedBehaviorTest","NotRun","NotRun","Inventoried:BehaviorNotAccepted",,,
"rngRoundedRectangleGeometry.ExtraRebar.B - верхняя.d2.Config!I148",,"rngRoundedRectangleGeometry","Config!I148","UserInput","TextOrNumber:PendingContractReview","Length input / count / selector: see physical field","PendingPerFieldReview","PendingCatalogMapping","PendingCallSiteReview","Generated selected shape; face/side/row contract; inactive geometry does not affect active shape","CSystemSettingsReader -> geometry / rebar builder -> CSectionModel","PendingDirectedBehaviorTest","NotRun","NotRun","Inventoried:BehaviorNotAccepted",,,
"rngRoundedRectangleGeometry.ExtraRebar.B - верхняя.положение.Config!J148",,"rngRoundedRectangleGeometry","Config!J148","UserInput","list","Length input / count / selector: see physical field","PendingPerFieldReview","PendingCatalogMapping","PendingCallSiteReview","Generated selected shape; face/side/row contract; inactive geometry does not affect active shape","CSystemSettingsReader -> geometry / rebar builder -> CSectionModel","PendingDirectedBehaviorTest","NotRun","NotRun","Inventoried:BehaviorNotAccepted",,,
"rngRoundedRectangleGeometry.ExtraRebar.B - верхняя.привязка.Config!K148",,"rngRoundedRectangleGeometry","Config!K148","UserInput","list","Length input / count / selector: see physical field","PendingPerFieldReview","PendingCatalogMapping","PendingCallSiteReview","Generated selected shape; face/side/row contract; inactive geometry does not affect active shape","CSystemSettingsReader -> geometry / rebar builder -> CSectionModel","PendingDirectedBehaviorTest","NotRun","NotRun","Inventoried:BehaviorNotAccepted",,,
"rngRoundedRectangleGeometry.ExtraRebar.B - верхняя.d3.Config!L148",,"rngRoundedRectangleGeometry","Config!L148","UserInput","TextOrNumber:PendingContractReview","Length input / count / selector: see physical field","PendingPerFieldReview","PendingCatalogMapping","PendingCallSiteReview","Generated selected shape; face/side/row contract; inactive geometry does not affect active shape","CSystemSettingsReader -> geometry / rebar builder -> CSectionModel","PendingDirectedBehaviorTest","NotRun","NotRun","Inventoried:BehaviorNotAccepted",,,
"rngRoundedRectangleGeometry.ExtraRebar.B - верхняя.положение.Config!M148",,"rngRoundedRectangleGeometry","Config!M148","UserInput","list","Length input / count / selector: see physical field","PendingPerFieldReview","PendingCatalogMapping","PendingCallSiteReview","Generated selected shape; face/side/row contract; inactive geometry does not affect active shape","CSystemSettingsReader -> geometry / rebar builder -> CSectionModel","PendingDirectedBehaviorTest","NotRun","NotRun","Inventoried:BehaviorNotAccepted",,,
"rngRoundedRectangleGeometry.ExtraRebar.B - верхняя.привязка.Config!N148",,"rngRoundedRectangleGeometry","Config!N148","UserInput","list","Length input / count / selector: see physical field","PendingPerFieldReview","PendingCatalogMapping","PendingCallSiteReview","Generated selected shape; face/side/row contract; inactive geometry does not affect active shape","CSystemSettingsReader -> geometry / rebar builder -> CSectionModel","PendingDirectedBehaviorTest","NotRun","NotRun","Inventoried:BehaviorNotAccepted",,,
"rngRoundedRectangleGeometry.ExtraRebar.B - нижняя.d2.Config!I149",,"rngRoundedRectangleGeometry","Config!I149","UserInput","TextOrNumber:PendingContractReview","Length input / count / selector: see physical field","PendingPerFieldReview","PendingCatalogMapping","PendingCallSiteReview","Generated selected shape; face/side/row contract; inactive geometry does not affect active shape","CSystemSettingsReader -> geometry / rebar builder -> CSectionModel","PendingDirectedBehaviorTest","NotRun","NotRun","Inventoried:BehaviorNotAccepted",,,
"rngRoundedRectangleGeometry.ExtraRebar.B - нижняя.положение.Config!J149",,"rngRoundedRectangleGeometry","Config!J149","UserInput","list","Length input / count / selector: see physical field","PendingPerFieldReview","PendingCatalogMapping","PendingCallSiteReview","Generated selected shape; face/side/row contract; inactive geometry does not affect active shape","CSystemSettingsReader -> geometry / rebar builder -> CSectionModel","PendingDirectedBehaviorTest","NotRun","NotRun","Inventoried:BehaviorNotAccepted",,,
"rngRoundedRectangleGeometry.ExtraRebar.B - нижняя.привязка.Config!K149",,"rngRoundedRectangleGeometry","Config!K149","UserInput","list","Length input / count / selector: see physical field","PendingPerFieldReview","PendingCatalogMapping","PendingCallSiteReview","Generated selected shape; face/side/row contract; inactive geometry does not affect active shape","CSystemSettingsReader -> geometry / rebar builder -> CSectionModel","PendingDirectedBehaviorTest","NotRun","NotRun","Inventoried:BehaviorNotAccepted",,,
"rngRoundedRectangleGeometry.ExtraRebar.B - нижняя.d3.Config!L149",,"rngRoundedRectangleGeometry","Config!L149","UserInput","TextOrNumber:PendingContractReview","Length input / count / selector: see physical field","PendingPerFieldReview","PendingCatalogMapping","PendingCallSiteReview","Generated selected shape; face/side/row contract; inactive geometry does not affect active shape","CSystemSettingsReader -> geometry / rebar builder -> CSectionModel","PendingDirectedBehaviorTest","NotRun","NotRun","Inventoried:BehaviorNotAccepted",,,
"rngRoundedRectangleGeometry.ExtraRebar.B - нижняя.положение.Config!M149",,"rngRoundedRectangleGeometry","Config!M149","UserInput","list","Length input / count / selector: see physical field","PendingPerFieldReview","PendingCatalogMapping","PendingCallSiteReview","Generated selected shape; face/side/row contract; inactive geometry does not affect active shape","CSystemSettingsReader -> geometry / rebar builder -> CSectionModel","PendingDirectedBehaviorTest","NotRun","NotRun","Inventoried:BehaviorNotAccepted",,,
"rngRoundedRectangleGeometry.ExtraRebar.B - нижняя.привязка.Config!N149",,"rngRoundedRectangleGeometry","Config!N149","UserInput","list","Length input / count / selector: see physical field","PendingPerFieldReview","PendingCatalogMapping","PendingCallSiteReview","Generated selected shape; face/side/row contract; inactive geometry does not affect active shape","CSystemSettingsReader -> geometry / rebar builder -> CSectionModel","PendingDirectedBehaviorTest","NotRun","NotRun","Inventoried:BehaviorNotAccepted",,,
"rngHollowRectangleGeometry.General.HollowRectangle.InnerOffsetX.Значение.Config!I155","HollowRectangle.InnerOffsetX","rngHollowRectangleGeometry","Config!I155","UserInput","Double","Length input / count / selector: see physical field","mm","PendingCatalogMapping","0 при отсутствующем ключе; окончательная приемка обязательности/отсутствующего Config отдельно","Geometry.Type = HollowRectangle","Фактические таблицы Config -> CSystemSettingsReader -> CUnitSystem -> CSectionTypeRegistry -> CGeometryRectSet/CGeometryRoundedRectangle/CGeometryHollowRectangle; наружные n -> CHollowRectRebarLayoutBuilder","Смещение отверстия X 40 -> 60 мм меняет центр; 10000 мм отвергается","modTestGeometryConfig.RunAudit03ShapeConfigTests","docs/regression/Audit03/shape_config_final_v134_2026-10-03.txt; docs/regression/Audit03/shape_config_full_off_v134_2026-10-03.txt; docs/regression/Audit03/shape_config_full_on_v134_2026-10-03.txt","ActiveBehaviorAccepted:FullRangeReviewNotComplete","Конечное число, отверстие целиком внутри внешнего контура","Положительная мутация, недопустимое отрицательное/Unknown либо чрезмерное смещение, recovery, Circle inactive, cm-equivalence. Условно неактивные размеры и все три RectSet режима проверены. Blank/error-cell/missing/полные непрерывные границы еще не получают PASS.",
"rngHollowRectangleGeometry.General.HollowRectangle.InnerOffsetY.Значение.Config!I156","HollowRectangle.InnerOffsetY","rngHollowRectangleGeometry","Config!I156","UserInput","Double","Length input / count / selector: see physical field","mm","PendingCatalogMapping","0 при отсутствующем ключе; окончательная приемка обязательности/отсутствующего Config отдельно","Geometry.Type = HollowRectangle","Фактические таблицы Config -> CSystemSettingsReader -> CUnitSystem -> CSectionTypeRegistry -> CGeometryRectSet/CGeometryRoundedRectangle/CGeometryHollowRectangle; наружные n -> CHollowRectRebarLayoutBuilder","Смещение отверстия Y 50 -> 70 мм меняет центр; 10000 мм отвергается","modTestGeometryConfig.RunAudit03ShapeConfigTests","docs/regression/Audit03/shape_config_final_v134_2026-10-03.txt; docs/regression/Audit03/shape_config_full_off_v134_2026-10-03.txt; docs/regression/Audit03/shape_config_full_on_v134_2026-10-03.txt","ActiveBehaviorAccepted:FullRangeReviewNotComplete","Конечное число, отверстие целиком внутри внешнего контура","Положительная мутация, недопустимое отрицательное/Unknown либо чрезмерное смещение, recovery, Circle inactive, cm-equivalence. Условно неактивные размеры и все три RectSet режима проверены. Blank/error-cell/missing/полные непрерывные границы еще не получают PASS.",
"rngHollowRectangleGeometry.Dimensions.800.H.Config!H159","HollowRectangle.H","rngHollowRectangleGeometry","Config!H159","UserInput","Double","Length input / count / selector: see physical field","mm","PendingCatalogMapping","800 при отсутствующем ключе; окончательная приемка обязательности/отсутствующего Config отдельно","Geometry.Type = HollowRectangle","Фактические таблицы Config -> CSystemSettingsReader -> CUnitSystem -> CSectionTypeRegistry -> CGeometryRectSet/CGeometryRoundedRectangle/CGeometryHollowRectangle; наружные n -> CHollowRectRebarLayoutBuilder","Наружная высота 1200 -> 1300 мм меняет площадь/центр","modTestGeometryConfig.RunAudit03ShapeConfigTests","docs/regression/Audit03/shape_config_final_v134_2026-10-03.txt; docs/regression/Audit03/shape_config_full_off_v134_2026-10-03.txt; docs/regression/Audit03/shape_config_full_on_v134_2026-10-03.txt","ActiveBehaviorAccepted:FullRangeReviewNotComplete","Положительное число, отверстие целиком внутри внешнего контура","Положительная мутация, недопустимое отрицательное/Unknown либо чрезмерное смещение, recovery, Circle inactive, cm-equivalence. Условно неактивные размеры и все три RectSet режима проверены. Blank/error-cell/missing/полные непрерывные границы еще не получают PASS.",
"rngHollowRectangleGeometry.Dimensions.800.B.Config!I159","HollowRectangle.B","rngHollowRectangleGeometry","Config!I159","UserInput","Double","Length input / count / selector: see physical field","mm","PendingCatalogMapping","500 при отсутствующем ключе; окончательная приемка обязательности/отсутствующего Config отдельно","Geometry.Type = HollowRectangle","Фактические таблицы Config -> CSystemSettingsReader -> CUnitSystem -> CSectionTypeRegistry -> CGeometryRectSet/CGeometryRoundedRectangle/CGeometryHollowRectangle; наружные n -> CHollowRectRebarLayoutBuilder","Наружная ширина 1000 -> 1100 мм меняет площадь/центр","modTestGeometryConfig.RunAudit03ShapeConfigTests","docs/regression/Audit03/shape_config_final_v134_2026-10-03.txt; docs/regression/Audit03/shape_config_full_off_v134_2026-10-03.txt; docs/regression/Audit03/shape_config_full_on_v134_2026-10-03.txt","ActiveBehaviorAccepted:FullRangeReviewNotComplete","Положительное число, отверстие целиком внутри внешнего контура","Положительная мутация, недопустимое отрицательное/Unknown либо чрезмерное смещение, recovery, Circle inactive, cm-equivalence. Условно неактивные размеры и все три RectSet режима проверены. Blank/error-cell/missing/полные непрерывные границы еще не получают PASS.",
"rngHollowRectangleGeometry.Dimensions.800.R.Config!J159","HollowRectangle.R","rngHollowRectangleGeometry","Config!J159","UserInput","Double","Length input / count / selector: see physical field","mm","PendingCatalogMapping","180 при отсутствующем ключе; окончательная приемка обязательности/отсутствующего Config отдельно","Geometry.Type = HollowRectangle","Фактические таблицы Config -> CSystemSettingsReader -> CUnitSystem -> CSectionTypeRegistry -> CGeometryRectSet/CGeometryRoundedRectangle/CGeometryHollowRectangle; наружные n -> CHollowRectRebarLayoutBuilder","Наружный радиус 60 -> 80 мм меняет площадь/центр","modTestGeometryConfig.RunAudit03ShapeConfigTests","docs/regression/Audit03/shape_config_final_v134_2026-10-03.txt; docs/regression/Audit03/shape_config_full_off_v134_2026-10-03.txt; docs/regression/Audit03/shape_config_full_on_v134_2026-10-03.txt","ActiveBehaviorAccepted:FullRangeReviewNotComplete","Неотрицательный радиус, скругления должны помещаться","Положительная мутация, недопустимое отрицательное/Unknown либо чрезмерное смещение, recovery, Circle inactive, cm-equivalence. Условно неактивные размеры и все три RectSet режима проверены. Blank/error-cell/missing/полные непрерывные границы еще не получают PASS.",
"rngHollowRectangleGeometry.Dimensions.800.H_o.Config!K159","HollowRectangle.OpeningH","rngHollowRectangleGeometry","Config!K159","UserInput","Double","Length input / count / selector: see physical field","mm","PendingCatalogMapping","500 при отсутствующем ключе; окончательная приемка обязательности/отсутствующего Config отдельно","Geometry.Type = HollowRectangle","Фактические таблицы Config -> CSystemSettingsReader -> CUnitSystem -> CSectionTypeRegistry -> CGeometryRectSet/CGeometryRoundedRectangle/CGeometryHollowRectangle; наружные n -> CHollowRectRebarLayoutBuilder","Высота отверстия 500 -> 550 мм меняет площадь/центр","modTestGeometryConfig.RunAudit03ShapeConfigTests","docs/regression/Audit03/shape_config_final_v134_2026-10-03.txt; docs/regression/Audit03/shape_config_full_off_v134_2026-10-03.txt; docs/regression/Audit03/shape_config_full_on_v134_2026-10-03.txt","ActiveBehaviorAccepted:FullRangeReviewNotComplete","Положительное число, отверстие целиком внутри внешнего контура","Положительная мутация, недопустимое отрицательное/Unknown либо чрезмерное смещение, recovery, Circle inactive, cm-equivalence. Условно неактивные размеры и все три RectSet режима проверены. Blank/error-cell/missing/полные непрерывные границы еще не получают PASS.",
"rngHollowRectangleGeometry.Dimensions.800.B_o.Config!L159","HollowRectangle.OpeningB","rngHollowRectangleGeometry","Config!L159","UserInput","Double","Length input / count / selector: see physical field","mm","PendingCatalogMapping","200 при отсутствующем ключе; окончательная приемка обязательности/отсутствующего Config отдельно","Geometry.Type = HollowRectangle","Фактические таблицы Config -> CSystemSettingsReader -> CUnitSystem -> CSectionTypeRegistry -> CGeometryRectSet/CGeometryRoundedRectangle/CGeometryHollowRectangle; наружные n -> CHollowRectRebarLayoutBuilder","Ширина отверстия 400 -> 450 мм меняет площадь/центр","modTestGeometryConfig.RunAudit03ShapeConfigTests","docs/regression/Audit03/shape_config_final_v134_2026-10-03.txt; docs/regression/Audit03/shape_config_full_off_v134_2026-10-03.txt; docs/regression/Audit03/shape_config_full_on_v134_2026-10-03.txt","ActiveBehaviorAccepted:FullRangeReviewNotComplete","Положительное число, отверстие целиком внутри внешнего контура","Положительная мутация, недопустимое отрицательное/Unknown либо чрезмерное смещение, recovery, Circle inactive, cm-equivalence. Условно неактивные размеры и все три RectSet режима проверены. Blank/error-cell/missing/полные непрерывные границы еще не получают PASS.",
"rngHollowRectangleGeometry.Dimensions.800.R_o.Config!M159","HollowRectangle.OpeningR","rngHollowRectangleGeometry","Config!M159","UserInput","Double","Length input / count / selector: see physical field","mm","PendingCatalogMapping","30 при отсутствующем ключе; окончательная приемка обязательности/отсутствующего Config отдельно","Geometry.Type = HollowRectangle","Фактические таблицы Config -> CSystemSettingsReader -> CUnitSystem -> CSectionTypeRegistry -> CGeometryRectSet/CGeometryRoundedRectangle/CGeometryHollowRectangle; наружные n -> CHollowRectRebarLayoutBuilder","Радиус отверстия 30 -> 40 мм меняет площадь/центр","modTestGeometryConfig.RunAudit03ShapeConfigTests","docs/regression/Audit03/shape_config_final_v134_2026-10-03.txt; docs/regression/Audit03/shape_config_full_off_v134_2026-10-03.txt; docs/regression/Audit03/shape_config_full_on_v134_2026-10-03.txt","ActiveBehaviorAccepted:FullRangeReviewNotComplete","Неотрицательный радиус, скругления должны помещаться","Положительная мутация, недопустимое отрицательное/Unknown либо чрезмерное смещение, recovery, Circle inactive, cm-equivalence. Условно неактивные размеры и все три RectSet режима проверены. Blank/error-cell/missing/полные непрерывные границы еще не получают PASS.",
"rngHollowRectangleGeometry.MainRebar.H - левая.as.Config!I163",,"rngHollowRectangleGeometry","Config!I163","UserInput","TextOrNumber:PendingContractReview","Length input / count / selector: see physical field","PendingPerFieldReview","PendingCatalogMapping","PendingCallSiteReview","Generated selected shape; face/side/row contract; inactive geometry does not affect active shape","CSystemSettingsReader -> geometry / rebar builder -> CSectionModel","PendingDirectedBehaviorTest","NotRun","NotRun","Inventoried:BehaviorNotAccepted",,,
"rngHollowRectangleGeometry.MainRebar.H - левая.d.Config!J163",,"rngHollowRectangleGeometry","Config!J163","UserInput","TextOrNumber:PendingContractReview","Length input / count / selector: see physical field","PendingPerFieldReview","PendingCatalogMapping","PendingCallSiteReview","Generated selected shape; face/side/row contract; inactive geometry does not affect active shape","CSystemSettingsReader -> geometry / rebar builder -> CSectionModel","PendingDirectedBehaviorTest","NotRun","NotRun","Inventoried:BehaviorNotAccepted",,,
"rngHollowRectangleGeometry.MainRebar.H - левая.n.Config!K163","HollowRectangle.H.Left.n","rngHollowRectangleGeometry","Config!K163","UserInput","Long","Length input / count / selector: see physical field","count","PendingCatalogMapping","0 при отсутствующем ключе; окончательная приемка обязательности/отсутствующего Config отдельно","HollowRectangle, наружная левая грань с активным диаметром","Фактические таблицы Config -> CSystemSettingsReader -> CUnitSystem -> CSectionTypeRegistry -> CGeometryRectSet/CGeometryRoundedRectangle/CGeometryHollowRectangle; наружные n -> CHollowRectRebarLayoutBuilder","3 -> 4 дает ровно четыре наружных стержня на левой грани","modTestGeometryConfig.RunAudit03ShapeConfigTests","docs/regression/Audit03/shape_config_final_v134_2026-10-03.txt; docs/regression/Audit03/shape_config_full_off_v134_2026-10-03.txt; docs/regression/Audit03/shape_config_full_on_v134_2026-10-03.txt","ActiveBehaviorAccepted:FullRangeReviewNotComplete","Целое >= 0, представимое Long; пустое/0 выключает грань","Все четыре реальные ячейки: 3/4, blank/0, abc, CVErr, -1, дробь 0.5 и 2147483648. Проверены адрес/key и recovery. Практический максимальный размер раскладки/контракт absent-key остаются отдельным gate.",
"rngHollowRectangleGeometry.MainRebar.H - правая.as.Config!I164",,"rngHollowRectangleGeometry","Config!I164","UserInput","TextOrNumber:PendingContractReview","Length input / count / selector: see physical field","PendingPerFieldReview","PendingCatalogMapping","PendingCallSiteReview","Generated selected shape; face/side/row contract; inactive geometry does not affect active shape","CSystemSettingsReader -> geometry / rebar builder -> CSectionModel","PendingDirectedBehaviorTest","NotRun","NotRun","Inventoried:BehaviorNotAccepted",,,
"rngHollowRectangleGeometry.MainRebar.H - правая.d.Config!J164",,"rngHollowRectangleGeometry","Config!J164","UserInput","TextOrNumber:PendingContractReview","Length input / count / selector: see physical field","PendingPerFieldReview","PendingCatalogMapping","PendingCallSiteReview","Generated selected shape; face/side/row contract; inactive geometry does not affect active shape","CSystemSettingsReader -> geometry / rebar builder -> CSectionModel","PendingDirectedBehaviorTest","NotRun","NotRun","Inventoried:BehaviorNotAccepted",,,
"rngHollowRectangleGeometry.MainRebar.H - правая.n.Config!K164","HollowRectangle.H.Right.n","rngHollowRectangleGeometry","Config!K164","UserInput","Long","Length input / count / selector: see physical field","count","PendingCatalogMapping","0 при отсутствующем ключе; окончательная приемка обязательности/отсутствующего Config отдельно","HollowRectangle, наружная правая грань с активным диаметром","Фактические таблицы Config -> CSystemSettingsReader -> CUnitSystem -> CSectionTypeRegistry -> CGeometryRectSet/CGeometryRoundedRectangle/CGeometryHollowRectangle; наружные n -> CHollowRectRebarLayoutBuilder","3 -> 4 дает ровно четыре наружных стержня на правой грани","modTestGeometryConfig.RunAudit03ShapeConfigTests","docs/regression/Audit03/shape_config_final_v134_2026-10-03.txt; docs/regression/Audit03/shape_config_full_off_v134_2026-10-03.txt; docs/regression/Audit03/shape_config_full_on_v134_2026-10-03.txt","ActiveBehaviorAccepted:FullRangeReviewNotComplete","Целое >= 0, представимое Long; пустое/0 выключает грань","Все четыре реальные ячейки: 3/4, blank/0, abc, CVErr, -1, дробь 0.5 и 2147483648. Проверены адрес/key и recovery. Практический максимальный размер раскладки/контракт absent-key остаются отдельным gate.",
"rngHollowRectangleGeometry.MainRebar.B - верхняя.as.Config!I165",,"rngHollowRectangleGeometry","Config!I165","UserInput","TextOrNumber:PendingContractReview","Length input / count / selector: see physical field","PendingPerFieldReview","PendingCatalogMapping","PendingCallSiteReview","Generated selected shape; face/side/row contract; inactive geometry does not affect active shape","CSystemSettingsReader -> geometry / rebar builder -> CSectionModel","PendingDirectedBehaviorTest","NotRun","NotRun","Inventoried:BehaviorNotAccepted",,,
"rngHollowRectangleGeometry.MainRebar.B - верхняя.d.Config!J165",,"rngHollowRectangleGeometry","Config!J165","UserInput","TextOrNumber:PendingContractReview","Length input / count / selector: see physical field","PendingPerFieldReview","PendingCatalogMapping","PendingCallSiteReview","Generated selected shape; face/side/row contract; inactive geometry does not affect active shape","CSystemSettingsReader -> geometry / rebar builder -> CSectionModel","PendingDirectedBehaviorTest","NotRun","NotRun","Inventoried:BehaviorNotAccepted",,,
"rngHollowRectangleGeometry.MainRebar.B - верхняя.n.Config!K165","HollowRectangle.B.Top.n","rngHollowRectangleGeometry","Config!K165","UserInput","Long","Length input / count / selector: see physical field","count","PendingCatalogMapping","0 при отсутствующем ключе; окончательная приемка обязательности/отсутствующего Config отдельно","HollowRectangle, наружная верхняя грань с активным диаметром","Фактические таблицы Config -> CSystemSettingsReader -> CUnitSystem -> CSectionTypeRegistry -> CGeometryRectSet/CGeometryRoundedRectangle/CGeometryHollowRectangle; наружные n -> CHollowRectRebarLayoutBuilder","3 -> 4 дает ровно четыре наружных стержня на верхней грани","modTestGeometryConfig.RunAudit03ShapeConfigTests","docs/regression/Audit03/shape_config_final_v134_2026-10-03.txt; docs/regression/Audit03/shape_config_full_off_v134_2026-10-03.txt; docs/regression/Audit03/shape_config_full_on_v134_2026-10-03.txt","ActiveBehaviorAccepted:FullRangeReviewNotComplete","Целое >= 0, представимое Long; пустое/0 выключает грань","Все четыре реальные ячейки: 3/4, blank/0, abc, CVErr, -1, дробь 0.5 и 2147483648. Проверены адрес/key и recovery. Практический максимальный размер раскладки/контракт absent-key остаются отдельным gate.",
"rngHollowRectangleGeometry.MainRebar.B - нижняя.as.Config!I166",,"rngHollowRectangleGeometry","Config!I166","UserInput","TextOrNumber:PendingContractReview","Length input / count / selector: see physical field","PendingPerFieldReview","PendingCatalogMapping","PendingCallSiteReview","Generated selected shape; face/side/row contract; inactive geometry does not affect active shape","CSystemSettingsReader -> geometry / rebar builder -> CSectionModel","PendingDirectedBehaviorTest","NotRun","NotRun","Inventoried:BehaviorNotAccepted",,,
"rngHollowRectangleGeometry.MainRebar.B - нижняя.d.Config!J166",,"rngHollowRectangleGeometry","Config!J166","UserInput","TextOrNumber:PendingContractReview","Length input / count / selector: see physical field","PendingPerFieldReview","PendingCatalogMapping","PendingCallSiteReview","Generated selected shape; face/side/row contract; inactive geometry does not affect active shape","CSystemSettingsReader -> geometry / rebar builder -> CSectionModel","PendingDirectedBehaviorTest","NotRun","NotRun","Inventoried:BehaviorNotAccepted",,,
"rngHollowRectangleGeometry.MainRebar.B - нижняя.n.Config!K166","HollowRectangle.B.Bottom.n","rngHollowRectangleGeometry","Config!K166","UserInput","Long","Length input / count / selector: see physical field","count","PendingCatalogMapping","0 при отсутствующем ключе; окончательная приемка обязательности/отсутствующего Config отдельно","HollowRectangle, наружная нижняя грань с активным диаметром","Фактические таблицы Config -> CSystemSettingsReader -> CUnitSystem -> CSectionTypeRegistry -> CGeometryRectSet/CGeometryRoundedRectangle/CGeometryHollowRectangle; наружные n -> CHollowRectRebarLayoutBuilder","3 -> 4 дает ровно четыре наружных стержня на нижней грани","modTestGeometryConfig.RunAudit03ShapeConfigTests","docs/regression/Audit03/shape_config_final_v134_2026-10-03.txt; docs/regression/Audit03/shape_config_full_off_v134_2026-10-03.txt; docs/regression/Audit03/shape_config_full_on_v134_2026-10-03.txt","ActiveBehaviorAccepted:FullRangeReviewNotComplete","Целое >= 0, представимое Long; пустое/0 выключает грань","Все четыре реальные ячейки: 3/4, blank/0, abc, CVErr, -1, дробь 0.5 и 2147483648. Проверены адрес/key и recovery. Практический максимальный размер раскладки/контракт absent-key остаются отдельным gate.",
"rngHollowRectangleGeometry.MainRebar.H_o - левая.as.Config!I167",,"rngHollowRectangleGeometry","Config!I167","UserInput","TextOrNumber:PendingContractReview","Length input / count / selector: see physical field","PendingPerFieldReview","PendingCatalogMapping","PendingCallSiteReview","Generated selected shape; face/side/row contract; inactive geometry does not affect active shape","CSystemSettingsReader -> geometry / rebar builder -> CSectionModel","PendingDirectedBehaviorTest","NotRun","NotRun","Inventoried:BehaviorNotAccepted",,,
"rngHollowRectangleGeometry.MainRebar.H_o - левая.d.Config!J167",,"rngHollowRectangleGeometry","Config!J167","UserInput","TextOrNumber:PendingContractReview","Length input / count / selector: see physical field","PendingPerFieldReview","PendingCatalogMapping","PendingCallSiteReview","Generated selected shape; face/side/row contract; inactive geometry does not affect active shape","CSystemSettingsReader -> geometry / rebar builder -> CSectionModel","PendingDirectedBehaviorTest","NotRun","NotRun","Inventoried:BehaviorNotAccepted",,,
"rngHollowRectangleGeometry.MainRebar.H_o - левая.n.Config!K167",,"rngHollowRectangleGeometry","Config!K167","NotEditable:NotApplicableCell","TextOrNumber:PendingContractReview","Length input / count / selector: see physical field","PendingPerFieldReview","PendingCatalogMapping","PendingCallSiteReview","Generated selected shape; face/side/row contract; inactive geometry does not affect active shape","CSystemSettingsReader -> geometry / rebar builder -> CSectionModel","PendingDirectedBehaviorTest","NotRun","NotRun","Inventoried:BehaviorNotAccepted",,,
"rngHollowRectangleGeometry.MainRebar.H_o - правая.as.Config!I168",,"rngHollowRectangleGeometry","Config!I168","UserInput","TextOrNumber:PendingContractReview","Length input / count / selector: see physical field","PendingPerFieldReview","PendingCatalogMapping","PendingCallSiteReview","Generated selected shape; face/side/row contract; inactive geometry does not affect active shape","CSystemSettingsReader -> geometry / rebar builder -> CSectionModel","PendingDirectedBehaviorTest","NotRun","NotRun","Inventoried:BehaviorNotAccepted",,,
"rngHollowRectangleGeometry.MainRebar.H_o - правая.d.Config!J168",,"rngHollowRectangleGeometry","Config!J168","UserInput","TextOrNumber:PendingContractReview","Length input / count / selector: see physical field","PendingPerFieldReview","PendingCatalogMapping","PendingCallSiteReview","Generated selected shape; face/side/row contract; inactive geometry does not affect active shape","CSystemSettingsReader -> geometry / rebar builder -> CSectionModel","PendingDirectedBehaviorTest","NotRun","NotRun","Inventoried:BehaviorNotAccepted",,,
"rngHollowRectangleGeometry.MainRebar.H_o - правая.n.Config!K168",,"rngHollowRectangleGeometry","Config!K168","NotEditable:NotApplicableCell","TextOrNumber:PendingContractReview","Length input / count / selector: see physical field","PendingPerFieldReview","PendingCatalogMapping","PendingCallSiteReview","Generated selected shape; face/side/row contract; inactive geometry does not affect active shape","CSystemSettingsReader -> geometry / rebar builder -> CSectionModel","PendingDirectedBehaviorTest","NotRun","NotRun","Inventoried:BehaviorNotAccepted",,,
"rngHollowRectangleGeometry.MainRebar.B_o - верхняя.as.Config!I169",,"rngHollowRectangleGeometry","Config!I169","UserInput","TextOrNumber:PendingContractReview","Length input / count / selector: see physical field","PendingPerFieldReview","PendingCatalogMapping","PendingCallSiteReview","Generated selected shape; face/side/row contract; inactive geometry does not affect active shape","CSystemSettingsReader -> geometry / rebar builder -> CSectionModel","PendingDirectedBehaviorTest","NotRun","NotRun","Inventoried:BehaviorNotAccepted",,,
"rngHollowRectangleGeometry.MainRebar.B_o - верхняя.d.Config!J169",,"rngHollowRectangleGeometry","Config!J169","UserInput","TextOrNumber:PendingContractReview","Length input / count / selector: see physical field","PendingPerFieldReview","PendingCatalogMapping","PendingCallSiteReview","Generated selected shape; face/side/row contract; inactive geometry does not affect active shape","CSystemSettingsReader -> geometry / rebar builder -> CSectionModel","PendingDirectedBehaviorTest","NotRun","NotRun","Inventoried:BehaviorNotAccepted",,,
"rngHollowRectangleGeometry.MainRebar.B_o - верхняя.n.Config!K169",,"rngHollowRectangleGeometry","Config!K169","NotEditable:NotApplicableCell","TextOrNumber:PendingContractReview","Length input / count / selector: see physical field","PendingPerFieldReview","PendingCatalogMapping","PendingCallSiteReview","Generated selected shape; face/side/row contract; inactive geometry does not affect active shape","CSystemSettingsReader -> geometry / rebar builder -> CSectionModel","PendingDirectedBehaviorTest","NotRun","NotRun","Inventoried:BehaviorNotAccepted",,,
"rngHollowRectangleGeometry.MainRebar.B_o - нижняя.as.Config!I170",,"rngHollowRectangleGeometry","Config!I170","UserInput","TextOrNumber:PendingContractReview","Length input / count / selector: see physical field","PendingPerFieldReview","PendingCatalogMapping","PendingCallSiteReview","Generated selected shape; face/side/row contract; inactive geometry does not affect active shape","CSystemSettingsReader -> geometry / rebar builder -> CSectionModel","PendingDirectedBehaviorTest","NotRun","NotRun","Inventoried:BehaviorNotAccepted",,,
"rngHollowRectangleGeometry.MainRebar.B_o - нижняя.d.Config!J170",,"rngHollowRectangleGeometry","Config!J170","UserInput","TextOrNumber:PendingContractReview","Length input / count / selector: see physical field","PendingPerFieldReview","PendingCatalogMapping","PendingCallSiteReview","Generated selected shape; face/side/row contract; inactive geometry does not affect active shape","CSystemSettingsReader -> geometry / rebar builder -> CSectionModel","PendingDirectedBehaviorTest","NotRun","NotRun","Inventoried:BehaviorNotAccepted",,,
"rngHollowRectangleGeometry.MainRebar.B_o - нижняя.n.Config!K170",,"rngHollowRectangleGeometry","Config!K170","NotEditable:NotApplicableCell","TextOrNumber:PendingContractReview","Length input / count / selector: see physical field","PendingPerFieldReview","PendingCatalogMapping","PendingCallSiteReview","Generated selected shape; face/side/row contract; inactive geometry does not affect active shape","CSystemSettingsReader -> geometry / rebar builder -> CSectionModel","PendingDirectedBehaviorTest","NotRun","NotRun","Inventoried:BehaviorNotAccepted",,,
"rngHollowRectangleGeometry.ExtraRebar.H - левая.d2.Config!I173",,"rngHollowRectangleGeometry","Config!I173","UserInput","TextOrNumber:PendingContractReview","Length input / count / selector: see physical field","PendingPerFieldReview","PendingCatalogMapping","PendingCallSiteReview","Generated selected shape; face/side/row contract; inactive geometry does not affect active shape","CSystemSettingsReader -> geometry / rebar builder -> CSectionModel","PendingDirectedBehaviorTest","NotRun","NotRun","Inventoried:BehaviorNotAccepted",,,
"rngHollowRectangleGeometry.ExtraRebar.H - левая.положение.Config!J173",,"rngHollowRectangleGeometry","Config!J173","UserInput","list","Length input / count / selector: see physical field","PendingPerFieldReview","PendingCatalogMapping","PendingCallSiteReview","Generated selected shape; face/side/row contract; inactive geometry does not affect active shape","CSystemSettingsReader -> geometry / rebar builder -> CSectionModel","PendingDirectedBehaviorTest","NotRun","NotRun","Inventoried:BehaviorNotAccepted",,,
"rngHollowRectangleGeometry.ExtraRebar.H - левая.привязка.Config!K173",,"rngHollowRectangleGeometry","Config!K173","UserInput","list","Length input / count / selector: see physical field","PendingPerFieldReview","PendingCatalogMapping","PendingCallSiteReview","Generated selected shape; face/side/row contract; inactive geometry does not affect active shape","CSystemSettingsReader -> geometry / rebar builder -> CSectionModel","PendingDirectedBehaviorTest","NotRun","NotRun","Inventoried:BehaviorNotAccepted",,,
"rngHollowRectangleGeometry.ExtraRebar.H - левая.d3.Config!L173",,"rngHollowRectangleGeometry","Config!L173","UserInput","TextOrNumber:PendingContractReview","Length input / count / selector: see physical field","PendingPerFieldReview","PendingCatalogMapping","PendingCallSiteReview","Generated selected shape; face/side/row contract; inactive geometry does not affect active shape","CSystemSettingsReader -> geometry / rebar builder -> CSectionModel","PendingDirectedBehaviorTest","NotRun","NotRun","Inventoried:BehaviorNotAccepted",,,
"rngHollowRectangleGeometry.ExtraRebar.H - левая.положение.Config!M173",,"rngHollowRectangleGeometry","Config!M173","UserInput","list","Length input / count / selector: see physical field","PendingPerFieldReview","PendingCatalogMapping","PendingCallSiteReview","Generated selected shape; face/side/row contract; inactive geometry does not affect active shape","CSystemSettingsReader -> geometry / rebar builder -> CSectionModel","PendingDirectedBehaviorTest","NotRun","NotRun","Inventoried:BehaviorNotAccepted",,,
"rngHollowRectangleGeometry.ExtraRebar.H - левая.привязка.Config!N173",,"rngHollowRectangleGeometry","Config!N173","UserInput","list","Length input / count / selector: see physical field","PendingPerFieldReview","PendingCatalogMapping","PendingCallSiteReview","Generated selected shape; face/side/row contract; inactive geometry does not affect active shape","CSystemSettingsReader -> geometry / rebar builder -> CSectionModel","PendingDirectedBehaviorTest","NotRun","NotRun","Inventoried:BehaviorNotAccepted",,,
"rngHollowRectangleGeometry.ExtraRebar.H - правая.d2.Config!I174",,"rngHollowRectangleGeometry","Config!I174","UserInput","TextOrNumber:PendingContractReview","Length input / count / selector: see physical field","PendingPerFieldReview","PendingCatalogMapping","PendingCallSiteReview","Generated selected shape; face/side/row contract; inactive geometry does not affect active shape","CSystemSettingsReader -> geometry / rebar builder -> CSectionModel","PendingDirectedBehaviorTest","NotRun","NotRun","Inventoried:BehaviorNotAccepted",,,
"rngHollowRectangleGeometry.ExtraRebar.H - правая.положение.Config!J174",,"rngHollowRectangleGeometry","Config!J174","UserInput","list","Length input / count / selector: see physical field","PendingPerFieldReview","PendingCatalogMapping","PendingCallSiteReview","Generated selected shape; face/side/row contract; inactive geometry does not affect active shape","CSystemSettingsReader -> geometry / rebar builder -> CSectionModel","PendingDirectedBehaviorTest","NotRun","NotRun","Inventoried:BehaviorNotAccepted",,,
"rngHollowRectangleGeometry.ExtraRebar.H - правая.привязка.Config!K174",,"rngHollowRectangleGeometry","Config!K174","UserInput","list","Length input / count / selector: see physical field","PendingPerFieldReview","PendingCatalogMapping","PendingCallSiteReview","Generated selected shape; face/side/row contract; inactive geometry does not affect active shape","CSystemSettingsReader -> geometry / rebar builder -> CSectionModel","PendingDirectedBehaviorTest","NotRun","NotRun","Inventoried:BehaviorNotAccepted",,,
"rngHollowRectangleGeometry.ExtraRebar.H - правая.d3.Config!L174",,"rngHollowRectangleGeometry","Config!L174","UserInput","TextOrNumber:PendingContractReview","Length input / count / selector: see physical field","PendingPerFieldReview","PendingCatalogMapping","PendingCallSiteReview","Generated selected shape; face/side/row contract; inactive geometry does not affect active shape","CSystemSettingsReader -> geometry / rebar builder -> CSectionModel","PendingDirectedBehaviorTest","NotRun","NotRun","Inventoried:BehaviorNotAccepted",,,
"rngHollowRectangleGeometry.ExtraRebar.H - правая.положение.Config!M174",,"rngHollowRectangleGeometry","Config!M174","UserInput","list","Length input / count / selector: see physical field","PendingPerFieldReview","PendingCatalogMapping","PendingCallSiteReview","Generated selected shape; face/side/row contract; inactive geometry does not affect active shape","CSystemSettingsReader -> geometry / rebar builder -> CSectionModel","PendingDirectedBehaviorTest","NotRun","NotRun","Inventoried:BehaviorNotAccepted",,,
"rngHollowRectangleGeometry.ExtraRebar.H - правая.привязка.Config!N174",,"rngHollowRectangleGeometry","Config!N174","UserInput","list","Length input / count / selector: see physical field","PendingPerFieldReview","PendingCatalogMapping","PendingCallSiteReview","Generated selected shape; face/side/row contract; inactive geometry does not affect active shape","CSystemSettingsReader -> geometry / rebar builder -> CSectionModel","PendingDirectedBehaviorTest","NotRun","NotRun","Inventoried:BehaviorNotAccepted",,,
"rngHollowRectangleGeometry.ExtraRebar.B - верхняя.d2.Config!I175",,"rngHollowRectangleGeometry","Config!I175","UserInput","TextOrNumber:PendingContractReview","Length input / count / selector: see physical field","PendingPerFieldReview","PendingCatalogMapping","PendingCallSiteReview","Generated selected shape; face/side/row contract; inactive geometry does not affect active shape","CSystemSettingsReader -> geometry / rebar builder -> CSectionModel","PendingDirectedBehaviorTest","NotRun","NotRun","Inventoried:BehaviorNotAccepted",,,
"rngHollowRectangleGeometry.ExtraRebar.B - верхняя.положение.Config!J175",,"rngHollowRectangleGeometry","Config!J175","UserInput","list","Length input / count / selector: see physical field","PendingPerFieldReview","PendingCatalogMapping","PendingCallSiteReview","Generated selected shape; face/side/row contract; inactive geometry does not affect active shape","CSystemSettingsReader -> geometry / rebar builder -> CSectionModel","PendingDirectedBehaviorTest","NotRun","NotRun","Inventoried:BehaviorNotAccepted",,,
"rngHollowRectangleGeometry.ExtraRebar.B - верхняя.привязка.Config!K175",,"rngHollowRectangleGeometry","Config!K175","UserInput","list","Length input / count / selector: see physical field","PendingPerFieldReview","PendingCatalogMapping","PendingCallSiteReview","Generated selected shape; face/side/row contract; inactive geometry does not affect active shape","CSystemSettingsReader -> geometry / rebar builder -> CSectionModel","PendingDirectedBehaviorTest","NotRun","NotRun","Inventoried:BehaviorNotAccepted",,,
"rngHollowRectangleGeometry.ExtraRebar.B - верхняя.d3.Config!L175",,"rngHollowRectangleGeometry","Config!L175","UserInput","TextOrNumber:PendingContractReview","Length input / count / selector: see physical field","PendingPerFieldReview","PendingCatalogMapping","PendingCallSiteReview","Generated selected shape; face/side/row contract; inactive geometry does not affect active shape","CSystemSettingsReader -> geometry / rebar builder -> CSectionModel","PendingDirectedBehaviorTest","NotRun","NotRun","Inventoried:BehaviorNotAccepted",,,
"rngHollowRectangleGeometry.ExtraRebar.B - верхняя.положение.Config!M175",,"rngHollowRectangleGeometry","Config!M175","UserInput","list","Length input / count / selector: see physical field","PendingPerFieldReview","PendingCatalogMapping","PendingCallSiteReview","Generated selected shape; face/side/row contract; inactive geometry does not affect active shape","CSystemSettingsReader -> geometry / rebar builder -> CSectionModel","PendingDirectedBehaviorTest","NotRun","NotRun","Inventoried:BehaviorNotAccepted",,,
"rngHollowRectangleGeometry.ExtraRebar.B - верхняя.привязка.Config!N175",,"rngHollowRectangleGeometry","Config!N175","UserInput","list","Length input / count / selector: see physical field","PendingPerFieldReview","PendingCatalogMapping","PendingCallSiteReview","Generated selected shape; face/side/row contract; inactive geometry does not affect active shape","CSystemSettingsReader -> geometry / rebar builder -> CSectionModel","PendingDirectedBehaviorTest","NotRun","NotRun","Inventoried:BehaviorNotAccepted",,,
"rngHollowRectangleGeometry.ExtraRebar.B - нижняя.d2.Config!I176",,"rngHollowRectangleGeometry","Config!I176","UserInput","TextOrNumber:PendingContractReview","Length input / count / selector: see physical field","PendingPerFieldReview","PendingCatalogMapping","PendingCallSiteReview","Generated selected shape; face/side/row contract; inactive geometry does not affect active shape","CSystemSettingsReader -> geometry / rebar builder -> CSectionModel","PendingDirectedBehaviorTest","NotRun","NotRun","Inventoried:BehaviorNotAccepted",,,
"rngHollowRectangleGeometry.ExtraRebar.B - нижняя.положение.Config!J176",,"rngHollowRectangleGeometry","Config!J176","UserInput","list","Length input / count / selector: see physical field","PendingPerFieldReview","PendingCatalogMapping","PendingCallSiteReview","Generated selected shape; face/side/row contract; inactive geometry does not affect active shape","CSystemSettingsReader -> geometry / rebar builder -> CSectionModel","PendingDirectedBehaviorTest","NotRun","NotRun","Inventoried:BehaviorNotAccepted",,,
"rngHollowRectangleGeometry.ExtraRebar.B - нижняя.привязка.Config!K176",,"rngHollowRectangleGeometry","Config!K176","UserInput","list","Length input / count / selector: see physical field","PendingPerFieldReview","PendingCatalogMapping","PendingCallSiteReview","Generated selected shape; face/side/row contract; inactive geometry does not affect active shape","CSystemSettingsReader -> geometry / rebar builder -> CSectionModel","PendingDirectedBehaviorTest","NotRun","NotRun","Inventoried:BehaviorNotAccepted",,,
"rngHollowRectangleGeometry.ExtraRebar.B - нижняя.d3.Config!L176",,"rngHollowRectangleGeometry","Config!L176","UserInput","TextOrNumber:PendingContractReview","Length input / count / selector: see physical field","PendingPerFieldReview","PendingCatalogMapping","PendingCallSiteReview","Generated selected shape; face/side/row contract; inactive geometry does not affect active shape","CSystemSettingsReader -> geometry / rebar builder -> CSectionModel","PendingDirectedBehaviorTest","NotRun","NotRun","Inventoried:BehaviorNotAccepted",,,
"rngHollowRectangleGeometry.ExtraRebar.B - нижняя.положение.Config!M176",,"rngHollowRectangleGeometry","Config!M176","UserInput","list","Length input / count / selector: see physical field","PendingPerFieldReview","PendingCatalogMapping","PendingCallSiteReview","Generated selected shape; face/side/row contract; inactive geometry does not affect active shape","CSystemSettingsReader -> geometry / rebar builder -> CSectionModel","PendingDirectedBehaviorTest","NotRun","NotRun","Inventoried:BehaviorNotAccepted",,,
"rngHollowRectangleGeometry.ExtraRebar.B - нижняя.привязка.Config!N176",,"rngHollowRectangleGeometry","Config!N176","UserInput","list","Length input / count / selector: see physical field","PendingPerFieldReview","PendingCatalogMapping","PendingCallSiteReview","Generated selected shape; face/side/row contract; inactive geometry does not affect active shape","CSystemSettingsReader -> geometry / rebar builder -> CSectionModel","PendingDirectedBehaviorTest","NotRun","NotRun","Inventoried:BehaviorNotAccepted",,,
"rngHollowRectangleGeometry.ExtraRebar.H_o - левая.d2.Config!I177",,"rngHollowRectangleGeometry","Config!I177","UserInput","TextOrNumber:PendingContractReview","Length input / count / selector: see physical field","PendingPerFieldReview","PendingCatalogMapping","PendingCallSiteReview","Generated selected shape; face/side/row contract; inactive geometry does not affect active shape","CSystemSettingsReader -> geometry / rebar builder -> CSectionModel","PendingDirectedBehaviorTest","NotRun","NotRun","Inventoried:BehaviorNotAccepted",,,
"rngHollowRectangleGeometry.ExtraRebar.H_o - левая.положение.Config!J177",,"rngHollowRectangleGeometry","Config!J177","UserInput","list","Length input / count / selector: see physical field","PendingPerFieldReview","PendingCatalogMapping","PendingCallSiteReview","Generated selected shape; face/side/row contract; inactive geometry does not affect active shape","CSystemSettingsReader -> geometry / rebar builder -> CSectionModel","PendingDirectedBehaviorTest","NotRun","NotRun","Inventoried:BehaviorNotAccepted",,,
"rngHollowRectangleGeometry.ExtraRebar.H_o - левая.привязка.Config!K177",,"rngHollowRectangleGeometry","Config!K177","UserInput","list","Length input / count / selector: see physical field","PendingPerFieldReview","PendingCatalogMapping","PendingCallSiteReview","Generated selected shape; face/side/row contract; inactive geometry does not affect active shape","CSystemSettingsReader -> geometry / rebar builder -> CSectionModel","PendingDirectedBehaviorTest","NotRun","NotRun","Inventoried:BehaviorNotAccepted",,,
"rngHollowRectangleGeometry.ExtraRebar.H_o - левая.d3.Config!L177",,"rngHollowRectangleGeometry","Config!L177","UserInput","TextOrNumber:PendingContractReview","Length input / count / selector: see physical field","PendingPerFieldReview","PendingCatalogMapping","PendingCallSiteReview","Generated selected shape; face/side/row contract; inactive geometry does not affect active shape","CSystemSettingsReader -> geometry / rebar builder -> CSectionModel","PendingDirectedBehaviorTest","NotRun","NotRun","Inventoried:BehaviorNotAccepted",,,
"rngHollowRectangleGeometry.ExtraRebar.H_o - левая.положение.Config!M177",,"rngHollowRectangleGeometry","Config!M177","UserInput","list","Length input / count / selector: see physical field","PendingPerFieldReview","PendingCatalogMapping","PendingCallSiteReview","Generated selected shape; face/side/row contract; inactive geometry does not affect active shape","CSystemSettingsReader -> geometry / rebar builder -> CSectionModel","PendingDirectedBehaviorTest","NotRun","NotRun","Inventoried:BehaviorNotAccepted",,,
"rngHollowRectangleGeometry.ExtraRebar.H_o - левая.привязка.Config!N177",,"rngHollowRectangleGeometry","Config!N177","UserInput","list","Length input / count / selector: see physical field","PendingPerFieldReview","PendingCatalogMapping","PendingCallSiteReview","Generated selected shape; face/side/row contract; inactive geometry does not affect active shape","CSystemSettingsReader -> geometry / rebar builder -> CSectionModel","PendingDirectedBehaviorTest","NotRun","NotRun","Inventoried:BehaviorNotAccepted",,,
"rngHollowRectangleGeometry.ExtraRebar.H_o - правая.d2.Config!I178",,"rngHollowRectangleGeometry","Config!I178","UserInput","TextOrNumber:PendingContractReview","Length input / count / selector: see physical field","PendingPerFieldReview","PendingCatalogMapping","PendingCallSiteReview","Generated selected shape; face/side/row contract; inactive geometry does not affect active shape","CSystemSettingsReader -> geometry / rebar builder -> CSectionModel","PendingDirectedBehaviorTest","NotRun","NotRun","Inventoried:BehaviorNotAccepted",,,
"rngHollowRectangleGeometry.ExtraRebar.H_o - правая.положение.Config!J178",,"rngHollowRectangleGeometry","Config!J178","UserInput","list","Length input / count / selector: see physical field","PendingPerFieldReview","PendingCatalogMapping","PendingCallSiteReview","Generated selected shape; face/side/row contract; inactive geometry does not affect active shape","CSystemSettingsReader -> geometry / rebar builder -> CSectionModel","PendingDirectedBehaviorTest","NotRun","NotRun","Inventoried:BehaviorNotAccepted",,,
"rngHollowRectangleGeometry.ExtraRebar.H_o - правая.привязка.Config!K178",,"rngHollowRectangleGeometry","Config!K178","UserInput","list","Length input / count / selector: see physical field","PendingPerFieldReview","PendingCatalogMapping","PendingCallSiteReview","Generated selected shape; face/side/row contract; inactive geometry does not affect active shape","CSystemSettingsReader -> geometry / rebar builder -> CSectionModel","PendingDirectedBehaviorTest","NotRun","NotRun","Inventoried:BehaviorNotAccepted",,,
"rngHollowRectangleGeometry.ExtraRebar.H_o - правая.d3.Config!L178",,"rngHollowRectangleGeometry","Config!L178","UserInput","TextOrNumber:PendingContractReview","Length input / count / selector: see physical field","PendingPerFieldReview","PendingCatalogMapping","PendingCallSiteReview","Generated selected shape; face/side/row contract; inactive geometry does not affect active shape","CSystemSettingsReader -> geometry / rebar builder -> CSectionModel","PendingDirectedBehaviorTest","NotRun","NotRun","Inventoried:BehaviorNotAccepted",,,
"rngHollowRectangleGeometry.ExtraRebar.H_o - правая.положение.Config!M178",,"rngHollowRectangleGeometry","Config!M178","UserInput","list","Length input / count / selector: see physical field","PendingPerFieldReview","PendingCatalogMapping","PendingCallSiteReview","Generated selected shape; face/side/row contract; inactive geometry does not affect active shape","CSystemSettingsReader -> geometry / rebar builder -> CSectionModel","PendingDirectedBehaviorTest","NotRun","NotRun","Inventoried:BehaviorNotAccepted",,,
"rngHollowRectangleGeometry.ExtraRebar.H_o - правая.привязка.Config!N178",,"rngHollowRectangleGeometry","Config!N178","UserInput","list","Length input / count / selector: see physical field","PendingPerFieldReview","PendingCatalogMapping","PendingCallSiteReview","Generated selected shape; face/side/row contract; inactive geometry does not affect active shape","CSystemSettingsReader -> geometry / rebar builder -> CSectionModel","PendingDirectedBehaviorTest","NotRun","NotRun","Inventoried:BehaviorNotAccepted",,,
"rngHollowRectangleGeometry.ExtraRebar.B_o - верхняя.d2.Config!I179",,"rngHollowRectangleGeometry","Config!I179","UserInput","TextOrNumber:PendingContractReview","Length input / count / selector: see physical field","PendingPerFieldReview","PendingCatalogMapping","PendingCallSiteReview","Generated selected shape; face/side/row contract; inactive geometry does not affect active shape","CSystemSettingsReader -> geometry / rebar builder -> CSectionModel","PendingDirectedBehaviorTest","NotRun","NotRun","Inventoried:BehaviorNotAccepted",,,
"rngHollowRectangleGeometry.ExtraRebar.B_o - верхняя.положение.Config!J179",,"rngHollowRectangleGeometry","Config!J179","UserInput","list","Length input / count / selector: see physical field","PendingPerFieldReview","PendingCatalogMapping","PendingCallSiteReview","Generated selected shape; face/side/row contract; inactive geometry does not affect active shape","CSystemSettingsReader -> geometry / rebar builder -> CSectionModel","PendingDirectedBehaviorTest","NotRun","NotRun","Inventoried:BehaviorNotAccepted",,,
"rngHollowRectangleGeometry.ExtraRebar.B_o - верхняя.привязка.Config!K179",,"rngHollowRectangleGeometry","Config!K179","UserInput","list","Length input / count / selector: see physical field","PendingPerFieldReview","PendingCatalogMapping","PendingCallSiteReview","Generated selected shape; face/side/row contract; inactive geometry does not affect active shape","CSystemSettingsReader -> geometry / rebar builder -> CSectionModel","PendingDirectedBehaviorTest","NotRun","NotRun","Inventoried:BehaviorNotAccepted",,,
"rngHollowRectangleGeometry.ExtraRebar.B_o - верхняя.d3.Config!L179",,"rngHollowRectangleGeometry","Config!L179","UserInput","TextOrNumber:PendingContractReview","Length input / count / selector: see physical field","PendingPerFieldReview","PendingCatalogMapping","PendingCallSiteReview","Generated selected shape; face/side/row contract; inactive geometry does not affect active shape","CSystemSettingsReader -> geometry / rebar builder -> CSectionModel","PendingDirectedBehaviorTest","NotRun","NotRun","Inventoried:BehaviorNotAccepted",,,
"rngHollowRectangleGeometry.ExtraRebar.B_o - верхняя.положение.Config!M179",,"rngHollowRectangleGeometry","Config!M179","UserInput","list","Length input / count / selector: see physical field","PendingPerFieldReview","PendingCatalogMapping","PendingCallSiteReview","Generated selected shape; face/side/row contract; inactive geometry does not affect active shape","CSystemSettingsReader -> geometry / rebar builder -> CSectionModel","PendingDirectedBehaviorTest","NotRun","NotRun","Inventoried:BehaviorNotAccepted",,,
"rngHollowRectangleGeometry.ExtraRebar.B_o - верхняя.привязка.Config!N179",,"rngHollowRectangleGeometry","Config!N179","UserInput","list","Length input / count / selector: see physical field","PendingPerFieldReview","PendingCatalogMapping","PendingCallSiteReview","Generated selected shape; face/side/row contract; inactive geometry does not affect active shape","CSystemSettingsReader -> geometry / rebar builder -> CSectionModel","PendingDirectedBehaviorTest","NotRun","NotRun","Inventoried:BehaviorNotAccepted",,,
"rngHollowRectangleGeometry.ExtraRebar.B_o - нижняя.d2.Config!I180",,"rngHollowRectangleGeometry","Config!I180","UserInput","TextOrNumber:PendingContractReview","Length input / count / selector: see physical field","PendingPerFieldReview","PendingCatalogMapping","PendingCallSiteReview","Generated selected shape; face/side/row contract; inactive geometry does not affect active shape","CSystemSettingsReader -> geometry / rebar builder -> CSectionModel","PendingDirectedBehaviorTest","NotRun","NotRun","Inventoried:BehaviorNotAccepted",,,
"rngHollowRectangleGeometry.ExtraRebar.B_o - нижняя.положение.Config!J180",,"rngHollowRectangleGeometry","Config!J180","UserInput","list","Length input / count / selector: see physical field","PendingPerFieldReview","PendingCatalogMapping","PendingCallSiteReview","Generated selected shape; face/side/row contract; inactive geometry does not affect active shape","CSystemSettingsReader -> geometry / rebar builder -> CSectionModel","PendingDirectedBehaviorTest","NotRun","NotRun","Inventoried:BehaviorNotAccepted",,,
"rngHollowRectangleGeometry.ExtraRebar.B_o - нижняя.привязка.Config!K180",,"rngHollowRectangleGeometry","Config!K180","UserInput","list","Length input / count / selector: see physical field","PendingPerFieldReview","PendingCatalogMapping","PendingCallSiteReview","Generated selected shape; face/side/row contract; inactive geometry does not affect active shape","CSystemSettingsReader -> geometry / rebar builder -> CSectionModel","PendingDirectedBehaviorTest","NotRun","NotRun","Inventoried:BehaviorNotAccepted",,,
"rngHollowRectangleGeometry.ExtraRebar.B_o - нижняя.d3.Config!L180",,"rngHollowRectangleGeometry","Config!L180","UserInput","TextOrNumber:PendingContractReview","Length input / count / selector: see physical field","PendingPerFieldReview","PendingCatalogMapping","PendingCallSiteReview","Generated selected shape; face/side/row contract; inactive geometry does not affect active shape","CSystemSettingsReader -> geometry / rebar builder -> CSectionModel","PendingDirectedBehaviorTest","NotRun","NotRun","Inventoried:BehaviorNotAccepted",,,
"rngHollowRectangleGeometry.ExtraRebar.B_o - нижняя.положение.Config!M180",,"rngHollowRectangleGeometry","Config!M180","UserInput","list","Length input / count / selector: see physical field","PendingPerFieldReview","PendingCatalogMapping","PendingCallSiteReview","Generated selected shape; face/side/row contract; inactive geometry does not affect active shape","CSystemSettingsReader -> geometry / rebar builder -> CSectionModel","PendingDirectedBehaviorTest","NotRun","NotRun","Inventoried:BehaviorNotAccepted",,,
"rngHollowRectangleGeometry.ExtraRebar.B_o - нижняя.привязка.Config!N180",,"rngHollowRectangleGeometry","Config!N180","UserInput","list","Length input / count / selector: see physical field","PendingPerFieldReview","PendingCatalogMapping","PendingCallSiteReview","Generated selected shape; face/side/row contract; inactive geometry does not affect active shape","CSystemSettingsReader -> geometry / rebar builder -> CSectionModel","PendingDirectedBehaviorTest","NotRun","NotRun","Inventoried:BehaviorNotAccepted",,,
"rngRectSetGeometry.General.RectSet.SectionType.Значение.Config!I100","RectSet.SectionType","rngRectSetGeometry","Config!I100","UserInput","Enum","Length input / count / selector: see physical field","-","PendingCatalogMapping","LSection при отсутствующем ключе; окончательная приемка обязательности/отсутствующего Config отдельно","Geometry.Type = RectSet","Фактические таблицы Config -> CSystemSettingsReader -> CUnitSystem -> CSectionTypeRegistry -> CGeometryRectSet/CGeometryRoundedRectangle/CGeometryHollowRectangle; наружные n -> CHollowRectRebarLayoutBuilder","TwoRectangles -> Rectangle меняет активную область; отдельно проверен LSection","modTestGeometryConfig.RunAudit03ShapeConfigTests","docs/regression/Audit03/shape_config_final_v134_2026-10-03.txt; docs/regression/Audit03/shape_config_full_off_v134_2026-10-03.txt; docs/regression/Audit03/shape_config_full_on_v134_2026-10-03.txt","ActiveBehaviorAccepted:FullRangeReviewNotComplete","Rectangle / LSection / TwoRectangles","Положительная мутация, недопустимое отрицательное/Unknown либо чрезмерное смещение, recovery, Circle inactive, cm-equivalence. Условно неактивные размеры и все три RectSet режима проверены. Blank/error-cell/missing/полные непрерывные границы еще не получают PASS.",
"rngRectSetGeometry.General.RectSet.UpperOffsetX.Значение.Config!I101","RectSet.UpperOffsetX","rngRectSetGeometry","Config!I101","UserInput","Double","Length input / count / selector: see physical field","mm","PendingCatalogMapping","0 при отсутствующем ключе; окончательная приемка обязательности/отсутствующего Config отдельно","RectSet: TwoRectangles; Rectangle/LSection не используют смещение","Фактические таблицы Config -> CSystemSettingsReader -> CUnitSystem -> CSectionTypeRegistry -> CGeometryRectSet/CGeometryRoundedRectangle/CGeometryHollowRectangle; наружные n -> CHollowRectRebarLayoutBuilder","Смещение -50 -> -70 мм меняет центр и габарит; 10000 мм отвергается","modTestGeometryConfig.RunAudit03ShapeConfigTests","docs/regression/Audit03/shape_config_final_v134_2026-10-03.txt; docs/regression/Audit03/shape_config_full_off_v134_2026-10-03.txt; docs/regression/Audit03/shape_config_full_on_v134_2026-10-03.txt","ActiveBehaviorAccepted:FullRangeReviewNotComplete","Конечное число; в TwoRectangles прямоугольники должны перекрываться по X","Положительная мутация, недопустимое отрицательное/Unknown либо чрезмерное смещение, recovery, Circle inactive, cm-equivalence. Условно неактивные размеры и все три RectSet режима проверены. Blank/error-cell/missing/полные непрерывные границы еще не получают PASS.",
"rngRectSetGeometry.Dimensions.550.H1.Config!H105","RectSet.H1","rngRectSetGeometry","Config!H105","UserInput","Double","Length input / count / selector: see physical field","mm","PendingCatalogMapping","550 при отсутствующем ключе; окончательная приемка обязательности/отсутствующего Config отдельно","RectSet с любым SectionType","Фактические таблицы Config -> CSystemSettingsReader -> CUnitSystem -> CSectionTypeRegistry -> CGeometryRectSet/CGeometryRoundedRectangle/CGeometryHollowRectangle; наружные n -> CHollowRectRebarLayoutBuilder","Высота верхнего прямоугольника 300 -> 350 мм меняет площадь и центр","modTestGeometryConfig.RunAudit03ShapeConfigTests","docs/regression/Audit03/shape_config_final_v134_2026-10-03.txt; docs/regression/Audit03/shape_config_full_off_v134_2026-10-03.txt; docs/regression/Audit03/shape_config_full_on_v134_2026-10-03.txt","ActiveBehaviorAccepted:FullRangeReviewNotComplete","Положительное число","Положительная мутация, недопустимое отрицательное/Unknown либо чрезмерное смещение, recovery, Circle inactive, cm-equivalence. Условно неактивные размеры и все три RectSet режима проверены. Blank/error-cell/missing/полные непрерывные границы еще не получают PASS.",
"rngRectSetGeometry.Dimensions.550.B1.Config!I105","RectSet.B1","rngRectSetGeometry","Config!I105","UserInput","Double","Length input / count / selector: see physical field","mm","PendingCatalogMapping","250 при отсутствующем ключе; окончательная приемка обязательности/отсутствующего Config отдельно","RectSet с любым SectionType","Фактические таблицы Config -> CSystemSettingsReader -> CUnitSystem -> CSectionTypeRegistry -> CGeometryRectSet/CGeometryRoundedRectangle/CGeometryHollowRectangle; наружные n -> CHollowRectRebarLayoutBuilder","Ширина верхнего прямоугольника 200 -> 240 мм меняет площадь и центр","modTestGeometryConfig.RunAudit03ShapeConfigTests","docs/regression/Audit03/shape_config_final_v134_2026-10-03.txt; docs/regression/Audit03/shape_config_full_off_v134_2026-10-03.txt; docs/regression/Audit03/shape_config_full_on_v134_2026-10-03.txt","ActiveBehaviorAccepted:FullRangeReviewNotComplete","Положительное число; в LSection меньше B2","Положительная мутация, недопустимое отрицательное/Unknown либо чрезмерное смещение, recovery, Circle inactive, cm-equivalence. Условно неактивные размеры и все три RectSet режима проверены. Blank/error-cell/missing/полные непрерывные границы еще не получают PASS.",
"rngRectSetGeometry.Dimensions.550.H2.Config!J105","RectSet.H2","rngRectSetGeometry","Config!J105","UserInput","Double","Length input / count / selector: see physical field","mm","PendingCatalogMapping","250 при отсутствующем ключе; окончательная приемка обязательности/отсутствующего Config отдельно","RectSet: LSection/TwoRectangles; Rectangle не использует размер","Фактические таблицы Config -> CSystemSettingsReader -> CUnitSystem -> CSectionTypeRegistry -> CGeometryRectSet/CGeometryRoundedRectangle/CGeometryHollowRectangle; наружные n -> CHollowRectRebarLayoutBuilder","Высота нижнего прямоугольника 250 -> 300 мм меняет площадь/центр","modTestGeometryConfig.RunAudit03ShapeConfigTests","docs/regression/Audit03/shape_config_final_v134_2026-10-03.txt; docs/regression/Audit03/shape_config_full_off_v134_2026-10-03.txt; docs/regression/Audit03/shape_config_full_on_v134_2026-10-03.txt","ActiveBehaviorAccepted:FullRangeReviewNotComplete","Положительное число при активном нижнем прямоугольнике","Положительная мутация, недопустимое отрицательное/Unknown либо чрезмерное смещение, recovery, Circle inactive, cm-equivalence. Условно неактивные размеры и все три RectSet режима проверены. Blank/error-cell/missing/полные непрерывные границы еще не получают PASS.",
"rngRectSetGeometry.Dimensions.550.B2.Config!K105","RectSet.B2","rngRectSetGeometry","Config!K105","UserInput","Double","Length input / count / selector: see physical field","mm","PendingCatalogMapping","600 при отсутствующем ключе; окончательная приемка обязательности/отсутствующего Config отдельно","RectSet: LSection/TwoRectangles; Rectangle не использует размер","Фактические таблицы Config -> CSystemSettingsReader -> CUnitSystem -> CSectionTypeRegistry -> CGeometryRectSet/CGeometryRoundedRectangle/CGeometryHollowRectangle; наружные n -> CHollowRectRebarLayoutBuilder","Ширина нижнего прямоугольника 600 -> 650 мм меняет площадь/центр","modTestGeometryConfig.RunAudit03ShapeConfigTests","docs/regression/Audit03/shape_config_final_v134_2026-10-03.txt; docs/regression/Audit03/shape_config_full_off_v134_2026-10-03.txt; docs/regression/Audit03/shape_config_full_on_v134_2026-10-03.txt","ActiveBehaviorAccepted:FullRangeReviewNotComplete","Положительное число при активном нижнем прямоугольнике","Положительная мутация, недопустимое отрицательное/Unknown либо чрезмерное смещение, recovery, Circle inactive, cm-equivalence. Условно неактивные размеры и все три RectSet режима проверены. Blank/error-cell/missing/полные непрерывные границы еще не получают PASS.",
"rngRectSetGeometry.MainRebar.H1 - левая.as.Config!I108",,"rngRectSetGeometry","Config!I108","UserInput","TextOrNumber:PendingContractReview","Length input / count / selector: see physical field","PendingPerFieldReview","PendingCatalogMapping","PendingCallSiteReview","Generated selected shape; face/side/row contract; inactive geometry does not affect active shape","CSystemSettingsReader -> geometry / rebar builder -> CSectionModel","PendingDirectedBehaviorTest","NotRun","NotRun","Inventoried:BehaviorNotAccepted",,,
"rngRectSetGeometry.MainRebar.H1 - левая.d.Config!J108",,"rngRectSetGeometry","Config!J108","UserInput","TextOrNumber:PendingContractReview","Length input / count / selector: see physical field","PendingPerFieldReview","PendingCatalogMapping","PendingCallSiteReview","Generated selected shape; face/side/row contract; inactive geometry does not affect active shape","CSystemSettingsReader -> geometry / rebar builder -> CSectionModel","PendingDirectedBehaviorTest","NotRun","NotRun","Inventoried:BehaviorNotAccepted",,,
"rngRectSetGeometry.MainRebar.H1 - левая.n.Config!K108",,"rngRectSetGeometry","Config!K108","UserInput","TextOrNumber:PendingContractReview","Length input / count / selector: see physical field","PendingPerFieldReview","PendingCatalogMapping","PendingCallSiteReview","Generated selected shape; face/side/row contract; inactive geometry does not affect active shape","CSystemSettingsReader -> geometry / rebar builder -> CSectionModel","PendingDirectedBehaviorTest","NotRun","NotRun","Inventoried:BehaviorNotAccepted",,,
"rngRectSetGeometry.MainRebar.H1 - левая.t нач..Config!L108",,"rngRectSetGeometry","Config!L108","UserInput","TextOrNumber:PendingContractReview","Length input / count / selector: see physical field","PendingPerFieldReview","PendingCatalogMapping","PendingCallSiteReview","Generated selected shape; face/side/row contract; inactive geometry does not affect active shape","CSystemSettingsReader -> geometry / rebar builder -> CSectionModel","PendingDirectedBehaviorTest","NotRun","NotRun","Inventoried:BehaviorNotAccepted",,,
"rngRectSetGeometry.MainRebar.H1 - левая.t кон..Config!M108",,"rngRectSetGeometry","Config!M108","UserInput","TextOrNumber:PendingContractReview","Length input / count / selector: see physical field","PendingPerFieldReview","PendingCatalogMapping","PendingCallSiteReview","Generated selected shape; face/side/row contract; inactive geometry does not affect active shape","CSystemSettingsReader -> geometry / rebar builder -> CSectionModel","PendingDirectedBehaviorTest","NotRun","NotRun","Inventoried:BehaviorNotAccepted",,,
"rngRectSetGeometry.MainRebar.H1 - правая.as.Config!I109",,"rngRectSetGeometry","Config!I109","UserInput","TextOrNumber:PendingContractReview","Length input / count / selector: see physical field","PendingPerFieldReview","PendingCatalogMapping","PendingCallSiteReview","Generated selected shape; face/side/row contract; inactive geometry does not affect active shape","CSystemSettingsReader -> geometry / rebar builder -> CSectionModel","PendingDirectedBehaviorTest","NotRun","NotRun","Inventoried:BehaviorNotAccepted",,,
"rngRectSetGeometry.MainRebar.H1 - правая.d.Config!J109",,"rngRectSetGeometry","Config!J109","UserInput","TextOrNumber:PendingContractReview","Length input / count / selector: see physical field","PendingPerFieldReview","PendingCatalogMapping","PendingCallSiteReview","Generated selected shape; face/side/row contract; inactive geometry does not affect active shape","CSystemSettingsReader -> geometry / rebar builder -> CSectionModel","PendingDirectedBehaviorTest","NotRun","NotRun","Inventoried:BehaviorNotAccepted",,,
"rngRectSetGeometry.MainRebar.H1 - правая.n.Config!K109",,"rngRectSetGeometry","Config!K109","UserInput","TextOrNumber:PendingContractReview","Length input / count / selector: see physical field","PendingPerFieldReview","PendingCatalogMapping","PendingCallSiteReview","Generated selected shape; face/side/row contract; inactive geometry does not affect active shape","CSystemSettingsReader -> geometry / rebar builder -> CSectionModel","PendingDirectedBehaviorTest","NotRun","NotRun","Inventoried:BehaviorNotAccepted",,,
"rngRectSetGeometry.MainRebar.H1 - правая.t нач..Config!L109",,"rngRectSetGeometry","Config!L109","UserInput","TextOrNumber:PendingContractReview","Length input / count / selector: see physical field","PendingPerFieldReview","PendingCatalogMapping","PendingCallSiteReview","Generated selected shape; face/side/row contract; inactive geometry does not affect active shape","CSystemSettingsReader -> geometry / rebar builder -> CSectionModel","PendingDirectedBehaviorTest","NotRun","NotRun","Inventoried:BehaviorNotAccepted",,,
"rngRectSetGeometry.MainRebar.H1 - правая.t кон..Config!M109",,"rngRectSetGeometry","Config!M109","UserInput","TextOrNumber:PendingContractReview","Length input / count / selector: see physical field","PendingPerFieldReview","PendingCatalogMapping","PendingCallSiteReview","Generated selected shape; face/side/row contract; inactive geometry does not affect active shape","CSystemSettingsReader -> geometry / rebar builder -> CSectionModel","PendingDirectedBehaviorTest","NotRun","NotRun","Inventoried:BehaviorNotAccepted",,,
"rngRectSetGeometry.MainRebar.B1 - верхняя.as.Config!I110",,"rngRectSetGeometry","Config!I110","UserInput","TextOrNumber:PendingContractReview","Length input / count / selector: see physical field","PendingPerFieldReview","PendingCatalogMapping","PendingCallSiteReview","Generated selected shape; face/side/row contract; inactive geometry does not affect active shape","CSystemSettingsReader -> geometry / rebar builder -> CSectionModel","PendingDirectedBehaviorTest","NotRun","NotRun","Inventoried:BehaviorNotAccepted",,,
"rngRectSetGeometry.MainRebar.B1 - верхняя.d.Config!J110",,"rngRectSetGeometry","Config!J110","UserInput","TextOrNumber:PendingContractReview","Length input / count / selector: see physical field","PendingPerFieldReview","PendingCatalogMapping","PendingCallSiteReview","Generated selected shape; face/side/row contract; inactive geometry does not affect active shape","CSystemSettingsReader -> geometry / rebar builder -> CSectionModel","PendingDirectedBehaviorTest","NotRun","NotRun","Inventoried:BehaviorNotAccepted",,,
"rngRectSetGeometry.MainRebar.B1 - верхняя.n.Config!K110",,"rngRectSetGeometry","Config!K110","UserInput","TextOrNumber:PendingContractReview","Length input / count / selector: see physical field","PendingPerFieldReview","PendingCatalogMapping","PendingCallSiteReview","Generated selected shape; face/side/row contract; inactive geometry does not affect active shape","CSystemSettingsReader -> geometry / rebar builder -> CSectionModel","PendingDirectedBehaviorTest","NotRun","NotRun","Inventoried:BehaviorNotAccepted",,,
"rngRectSetGeometry.MainRebar.B1 - верхняя.t нач..Config!L110",,"rngRectSetGeometry","Config!L110","UserInput","TextOrNumber:PendingContractReview","Length input / count / selector: see physical field","PendingPerFieldReview","PendingCatalogMapping","PendingCallSiteReview","Generated selected shape; face/side/row contract; inactive geometry does not affect active shape","CSystemSettingsReader -> geometry / rebar builder -> CSectionModel","PendingDirectedBehaviorTest","NotRun","NotRun","Inventoried:BehaviorNotAccepted",,,
"rngRectSetGeometry.MainRebar.B1 - верхняя.t кон..Config!M110",,"rngRectSetGeometry","Config!M110","UserInput","TextOrNumber:PendingContractReview","Length input / count / selector: see physical field","PendingPerFieldReview","PendingCatalogMapping","PendingCallSiteReview","Generated selected shape; face/side/row contract; inactive geometry does not affect active shape","CSystemSettingsReader -> geometry / rebar builder -> CSectionModel","PendingDirectedBehaviorTest","NotRun","NotRun","Inventoried:BehaviorNotAccepted",,,
"rngRectSetGeometry.MainRebar.B1 - нижняя.as.Config!I111",,"rngRectSetGeometry","Config!I111","UserInput","TextOrNumber:PendingContractReview","Length input / count / selector: see physical field","PendingPerFieldReview","PendingCatalogMapping","PendingCallSiteReview","Generated selected shape; face/side/row contract; inactive geometry does not affect active shape","CSystemSettingsReader -> geometry / rebar builder -> CSectionModel","PendingDirectedBehaviorTest","NotRun","NotRun","Inventoried:BehaviorNotAccepted",,,
"rngRectSetGeometry.MainRebar.B1 - нижняя.d.Config!J111",,"rngRectSetGeometry","Config!J111","UserInput","TextOrNumber:PendingContractReview","Length input / count / selector: see physical field","PendingPerFieldReview","PendingCatalogMapping","PendingCallSiteReview","Generated selected shape; face/side/row contract; inactive geometry does not affect active shape","CSystemSettingsReader -> geometry / rebar builder -> CSectionModel","PendingDirectedBehaviorTest","NotRun","NotRun","Inventoried:BehaviorNotAccepted",,,
"rngRectSetGeometry.MainRebar.B1 - нижняя.n.Config!K111",,"rngRectSetGeometry","Config!K111","UserInput","TextOrNumber:PendingContractReview","Length input / count / selector: see physical field","PendingPerFieldReview","PendingCatalogMapping","PendingCallSiteReview","Generated selected shape; face/side/row contract; inactive geometry does not affect active shape","CSystemSettingsReader -> geometry / rebar builder -> CSectionModel","PendingDirectedBehaviorTest","NotRun","NotRun","Inventoried:BehaviorNotAccepted",,,
"rngRectSetGeometry.MainRebar.B1 - нижняя.t нач..Config!L111",,"rngRectSetGeometry","Config!L111","UserInput","TextOrNumber:PendingContractReview","Length input / count / selector: see physical field","PendingPerFieldReview","PendingCatalogMapping","PendingCallSiteReview","Generated selected shape; face/side/row contract; inactive geometry does not affect active shape","CSystemSettingsReader -> geometry / rebar builder -> CSectionModel","PendingDirectedBehaviorTest","NotRun","NotRun","Inventoried:BehaviorNotAccepted",,,
"rngRectSetGeometry.MainRebar.B1 - нижняя.t кон..Config!M111",,"rngRectSetGeometry","Config!M111","UserInput","TextOrNumber:PendingContractReview","Length input / count / selector: see physical field","PendingPerFieldReview","PendingCatalogMapping","PendingCallSiteReview","Generated selected shape; face/side/row contract; inactive geometry does not affect active shape","CSystemSettingsReader -> geometry / rebar builder -> CSectionModel","PendingDirectedBehaviorTest","NotRun","NotRun","Inventoried:BehaviorNotAccepted",,,
"rngRectSetGeometry.MainRebar.H2 - левая.as.Config!I112",,"rngRectSetGeometry","Config!I112","UserInput","TextOrNumber:PendingContractReview","Length input / count / selector: see physical field","PendingPerFieldReview","PendingCatalogMapping","PendingCallSiteReview","Generated selected shape; face/side/row contract; inactive geometry does not affect active shape","CSystemSettingsReader -> geometry / rebar builder -> CSectionModel","PendingDirectedBehaviorTest","NotRun","NotRun","Inventoried:BehaviorNotAccepted",,,
"rngRectSetGeometry.MainRebar.H2 - левая.d.Config!J112",,"rngRectSetGeometry","Config!J112","UserInput","TextOrNumber:PendingContractReview","Length input / count / selector: see physical field","PendingPerFieldReview","PendingCatalogMapping","PendingCallSiteReview","Generated selected shape; face/side/row contract; inactive geometry does not affect active shape","CSystemSettingsReader -> geometry / rebar builder -> CSectionModel","PendingDirectedBehaviorTest","NotRun","NotRun","Inventoried:BehaviorNotAccepted",,,
"rngRectSetGeometry.MainRebar.H2 - левая.n.Config!K112",,"rngRectSetGeometry","Config!K112","UserInput","TextOrNumber:PendingContractReview","Length input / count / selector: see physical field","PendingPerFieldReview","PendingCatalogMapping","PendingCallSiteReview","Generated selected shape; face/side/row contract; inactive geometry does not affect active shape","CSystemSettingsReader -> geometry / rebar builder -> CSectionModel","PendingDirectedBehaviorTest","NotRun","NotRun","Inventoried:BehaviorNotAccepted",,,
"rngRectSetGeometry.MainRebar.H2 - левая.t нач..Config!L112",,"rngRectSetGeometry","Config!L112","UserInput","TextOrNumber:PendingContractReview","Length input / count / selector: see physical field","PendingPerFieldReview","PendingCatalogMapping","PendingCallSiteReview","Generated selected shape; face/side/row contract; inactive geometry does not affect active shape","CSystemSettingsReader -> geometry / rebar builder -> CSectionModel","PendingDirectedBehaviorTest","NotRun","NotRun","Inventoried:BehaviorNotAccepted",,,
"rngRectSetGeometry.MainRebar.H2 - левая.t кон..Config!M112",,"rngRectSetGeometry","Config!M112","UserInput","TextOrNumber:PendingContractReview","Length input / count / selector: see physical field","PendingPerFieldReview","PendingCatalogMapping","PendingCallSiteReview","Generated selected shape; face/side/row contract; inactive geometry does not affect active shape","CSystemSettingsReader -> geometry / rebar builder -> CSectionModel","PendingDirectedBehaviorTest","NotRun","NotRun","Inventoried:BehaviorNotAccepted",,,
"rngRectSetGeometry.MainRebar.H2 - правая.as.Config!I113",,"rngRectSetGeometry","Config!I113","UserInput","TextOrNumber:PendingContractReview","Length input / count / selector: see physical field","PendingPerFieldReview","PendingCatalogMapping","PendingCallSiteReview","Generated selected shape; face/side/row contract; inactive geometry does not affect active shape","CSystemSettingsReader -> geometry / rebar builder -> CSectionModel","PendingDirectedBehaviorTest","NotRun","NotRun","Inventoried:BehaviorNotAccepted",,,
"rngRectSetGeometry.MainRebar.H2 - правая.d.Config!J113",,"rngRectSetGeometry","Config!J113","UserInput","TextOrNumber:PendingContractReview","Length input / count / selector: see physical field","PendingPerFieldReview","PendingCatalogMapping","PendingCallSiteReview","Generated selected shape; face/side/row contract; inactive geometry does not affect active shape","CSystemSettingsReader -> geometry / rebar builder -> CSectionModel","PendingDirectedBehaviorTest","NotRun","NotRun","Inventoried:BehaviorNotAccepted",,,
"rngRectSetGeometry.MainRebar.H2 - правая.n.Config!K113",,"rngRectSetGeometry","Config!K113","UserInput","TextOrNumber:PendingContractReview","Length input / count / selector: see physical field","PendingPerFieldReview","PendingCatalogMapping","PendingCallSiteReview","Generated selected shape; face/side/row contract; inactive geometry does not affect active shape","CSystemSettingsReader -> geometry / rebar builder -> CSectionModel","PendingDirectedBehaviorTest","NotRun","NotRun","Inventoried:BehaviorNotAccepted",,,
"rngRectSetGeometry.MainRebar.H2 - правая.t нач..Config!L113",,"rngRectSetGeometry","Config!L113","UserInput","TextOrNumber:PendingContractReview","Length input / count / selector: see physical field","PendingPerFieldReview","PendingCatalogMapping","PendingCallSiteReview","Generated selected shape; face/side/row contract; inactive geometry does not affect active shape","CSystemSettingsReader -> geometry / rebar builder -> CSectionModel","PendingDirectedBehaviorTest","NotRun","NotRun","Inventoried:BehaviorNotAccepted",,,
"rngRectSetGeometry.MainRebar.H2 - правая.t кон..Config!M113",,"rngRectSetGeometry","Config!M113","UserInput","TextOrNumber:PendingContractReview","Length input / count / selector: see physical field","PendingPerFieldReview","PendingCatalogMapping","PendingCallSiteReview","Generated selected shape; face/side/row contract; inactive geometry does not affect active shape","CSystemSettingsReader -> geometry / rebar builder -> CSectionModel","PendingDirectedBehaviorTest","NotRun","NotRun","Inventoried:BehaviorNotAccepted",,,
"rngRectSetGeometry.MainRebar.B2 - верхняя.as.Config!I114",,"rngRectSetGeometry","Config!I114","UserInput","TextOrNumber:PendingContractReview","Length input / count / selector: see physical field","PendingPerFieldReview","PendingCatalogMapping","PendingCallSiteReview","Generated selected shape; face/side/row contract; inactive geometry does not affect active shape","CSystemSettingsReader -> geometry / rebar builder -> CSectionModel","PendingDirectedBehaviorTest","NotRun","NotRun","Inventoried:BehaviorNotAccepted",,,
"rngRectSetGeometry.MainRebar.B2 - верхняя.d.Config!J114",,"rngRectSetGeometry","Config!J114","UserInput","TextOrNumber:PendingContractReview","Length input / count / selector: see physical field","PendingPerFieldReview","PendingCatalogMapping","PendingCallSiteReview","Generated selected shape; face/side/row contract; inactive geometry does not affect active shape","CSystemSettingsReader -> geometry / rebar builder -> CSectionModel","PendingDirectedBehaviorTest","NotRun","NotRun","Inventoried:BehaviorNotAccepted",,,
"rngRectSetGeometry.MainRebar.B2 - верхняя.n.Config!K114",,"rngRectSetGeometry","Config!K114","UserInput","TextOrNumber:PendingContractReview","Length input / count / selector: see physical field","PendingPerFieldReview","PendingCatalogMapping","PendingCallSiteReview","Generated selected shape; face/side/row contract; inactive geometry does not affect active shape","CSystemSettingsReader -> geometry / rebar builder -> CSectionModel","PendingDirectedBehaviorTest","NotRun","NotRun","Inventoried:BehaviorNotAccepted",,,
"rngRectSetGeometry.MainRebar.B2 - верхняя.t нач..Config!L114",,"rngRectSetGeometry","Config!L114","UserInput","TextOrNumber:PendingContractReview","Length input / count / selector: see physical field","PendingPerFieldReview","PendingCatalogMapping","PendingCallSiteReview","Generated selected shape; face/side/row contract; inactive geometry does not affect active shape","CSystemSettingsReader -> geometry / rebar builder -> CSectionModel","PendingDirectedBehaviorTest","NotRun","NotRun","Inventoried:BehaviorNotAccepted",,,
"rngRectSetGeometry.MainRebar.B2 - верхняя.t кон..Config!M114",,"rngRectSetGeometry","Config!M114","UserInput","TextOrNumber:PendingContractReview","Length input / count / selector: see physical field","PendingPerFieldReview","PendingCatalogMapping","PendingCallSiteReview","Generated selected shape; face/side/row contract; inactive geometry does not affect active shape","CSystemSettingsReader -> geometry / rebar builder -> CSectionModel","PendingDirectedBehaviorTest","NotRun","NotRun","Inventoried:BehaviorNotAccepted",,,
"rngRectSetGeometry.MainRebar.B2 - нижняя.as.Config!I115",,"rngRectSetGeometry","Config!I115","UserInput","TextOrNumber:PendingContractReview","Length input / count / selector: see physical field","PendingPerFieldReview","PendingCatalogMapping","PendingCallSiteReview","Generated selected shape; face/side/row contract; inactive geometry does not affect active shape","CSystemSettingsReader -> geometry / rebar builder -> CSectionModel","PendingDirectedBehaviorTest","NotRun","NotRun","Inventoried:BehaviorNotAccepted",,,
"rngRectSetGeometry.MainRebar.B2 - нижняя.d.Config!J115",,"rngRectSetGeometry","Config!J115","UserInput","TextOrNumber:PendingContractReview","Length input / count / selector: see physical field","PendingPerFieldReview","PendingCatalogMapping","PendingCallSiteReview","Generated selected shape; face/side/row contract; inactive geometry does not affect active shape","CSystemSettingsReader -> geometry / rebar builder -> CSectionModel","PendingDirectedBehaviorTest","NotRun","NotRun","Inventoried:BehaviorNotAccepted",,,
"rngRectSetGeometry.MainRebar.B2 - нижняя.n.Config!K115",,"rngRectSetGeometry","Config!K115","UserInput","TextOrNumber:PendingContractReview","Length input / count / selector: see physical field","PendingPerFieldReview","PendingCatalogMapping","PendingCallSiteReview","Generated selected shape; face/side/row contract; inactive geometry does not affect active shape","CSystemSettingsReader -> geometry / rebar builder -> CSectionModel","PendingDirectedBehaviorTest","NotRun","NotRun","Inventoried:BehaviorNotAccepted",,,
"rngRectSetGeometry.MainRebar.B2 - нижняя.t нач..Config!L115",,"rngRectSetGeometry","Config!L115","UserInput","TextOrNumber:PendingContractReview","Length input / count / selector: see physical field","PendingPerFieldReview","PendingCatalogMapping","PendingCallSiteReview","Generated selected shape; face/side/row contract; inactive geometry does not affect active shape","CSystemSettingsReader -> geometry / rebar builder -> CSectionModel","PendingDirectedBehaviorTest","NotRun","NotRun","Inventoried:BehaviorNotAccepted",,,
"rngRectSetGeometry.MainRebar.B2 - нижняя.t кон..Config!M115",,"rngRectSetGeometry","Config!M115","UserInput","TextOrNumber:PendingContractReview","Length input / count / selector: see physical field","PendingPerFieldReview","PendingCatalogMapping","PendingCallSiteReview","Generated selected shape; face/side/row contract; inactive geometry does not affect active shape","CSystemSettingsReader -> geometry / rebar builder -> CSectionModel","PendingDirectedBehaviorTest","NotRun","NotRun","Inventoried:BehaviorNotAccepted",,,
"rngRectSetGeometry.ExtraRebar.H1 - левая.d2.Config!I118",,"rngRectSetGeometry","Config!I118","UserInput","TextOrNumber:PendingContractReview","Length input / count / selector: see physical field","PendingPerFieldReview","PendingCatalogMapping","PendingCallSiteReview","Generated selected shape; face/side/row contract; inactive geometry does not affect active shape","CSystemSettingsReader -> geometry / rebar builder -> CSectionModel","PendingDirectedBehaviorTest","NotRun","NotRun","Inventoried:BehaviorNotAccepted",,,
"rngRectSetGeometry.ExtraRebar.H1 - левая.положение.Config!J118","RectSet.H1.loc_2row","rngRectSetGeometry","Config!J118","UserInput","Enum","Length input / count / selector: see physical field","-","PendingCatalogMapping","Явный общий выбор Config; автономные defaults см. существующий builder.","Generated RectSet; соответствующий основной и дополнительный ряд активны на двух сторонах грани","Actual RectSet table -> CSystemSettingsReader -> CRectSetRebarLayoutBuilder -> CRebarLayout","Меняются координаты шести дополнительных стержней обеих сторон при прежнем count","modTestWorkbookInterface.TestAudit03RectSetSharedReader + TestAudit03RectSetSharedLayout + TestAudit03RectSetSharedEffect","docs/regression/Audit03/rectset_shared_positive_v71_2026-10-02.txt; docs/regression/Audit03/config_units_full_off_v71_2026-10-02.txt; docs/regression/Audit03/config_units_full_on_v71_2026-10-02.txt","ActiveBehaviorAccepted:FullRangeReviewNotComplete","Stacked / SideBySide","Оба допустимых значения, активный/неактивный ряд, четыре грани, два ряда; actual merge/dropdown/idempotence/save-reopen проверены. Не заменяет диапазонную приемку диаметров/покрытия/размеров.",
"rngRectSetGeometry.ExtraRebar.H1 - левая.привязка.Config!K118","RectSet.H1.bind_2row","rngRectSetGeometry","Config!K118","UserInput","Enum","Length input / count / selector: see physical field","-","PendingCatalogMapping","Явный общий выбор Config; автономные defaults см. существующий builder.","Generated RectSet; соответствующий основной и дополнительный ряд активны на двух сторонах грани","Actual RectSet table -> CSystemSettingsReader -> CRectSetRebarLayoutBuilder -> CRebarLayout","Дополнительные стержни обеих сторон меняют count с 6 до 4","modTestWorkbookInterface.TestAudit03RectSetSharedReader + TestAudit03RectSetSharedLayout + TestAudit03RectSetSharedEffect","docs/regression/Audit03/rectset_shared_positive_v71_2026-10-02.txt; docs/regression/Audit03/config_units_full_off_v71_2026-10-02.txt; docs/regression/Audit03/config_units_full_on_v71_2026-10-02.txt","ActiveBehaviorAccepted:FullRangeReviewNotComplete","EachBar / EverySecondBar","Оба допустимых значения, активный/неактивный ряд, четыре грани, два ряда; actual merge/dropdown/idempotence/save-reopen проверены. Не заменяет диапазонную приемку диаметров/покрытия/размеров.",
"rngRectSetGeometry.ExtraRebar.H1 - левая.d3.Config!L118",,"rngRectSetGeometry","Config!L118","UserInput","TextOrNumber:PendingContractReview","Length input / count / selector: see physical field","PendingPerFieldReview","PendingCatalogMapping","PendingCallSiteReview","Generated selected shape; face/side/row contract; inactive geometry does not affect active shape","CSystemSettingsReader -> geometry / rebar builder -> CSectionModel","PendingDirectedBehaviorTest","NotRun","NotRun","Inventoried:BehaviorNotAccepted",,,
"rngRectSetGeometry.ExtraRebar.H1 - левая.положение.Config!M118","RectSet.H1.loc_3row","rngRectSetGeometry","Config!M118","UserInput","Enum","Length input / count / selector: see physical field","-","PendingCatalogMapping","Явный общий выбор Config; автономные defaults см. существующий builder.","Generated RectSet; соответствующий основной и дополнительный ряд активны на двух сторонах грани","Actual RectSet table -> CSystemSettingsReader -> CRectSetRebarLayoutBuilder -> CRebarLayout","Меняются координаты шести дополнительных стержней обеих сторон при прежнем count","modTestWorkbookInterface.TestAudit03RectSetSharedReader + TestAudit03RectSetSharedLayout + TestAudit03RectSetSharedEffect","docs/regression/Audit03/rectset_shared_positive_v71_2026-10-02.txt; docs/regression/Audit03/config_units_full_off_v71_2026-10-02.txt; docs/regression/Audit03/config_units_full_on_v71_2026-10-02.txt","ActiveBehaviorAccepted:FullRangeReviewNotComplete","Stacked / SideBySide","Оба допустимых значения, активный/неактивный ряд, четыре грани, два ряда; actual merge/dropdown/idempotence/save-reopen проверены. Не заменяет диапазонную приемку диаметров/покрытия/размеров.",
"rngRectSetGeometry.ExtraRebar.H1 - левая.привязка.Config!N118","RectSet.H1.bind_3row","rngRectSetGeometry","Config!N118","UserInput","Enum","Length input / count / selector: see physical field","-","PendingCatalogMapping","Явный общий выбор Config; автономные defaults см. существующий builder.","Generated RectSet; соответствующий основной и дополнительный ряд активны на двух сторонах грани","Actual RectSet table -> CSystemSettingsReader -> CRectSetRebarLayoutBuilder -> CRebarLayout","Дополнительные стержни обеих сторон меняют count с 6 до 4","modTestWorkbookInterface.TestAudit03RectSetSharedReader + TestAudit03RectSetSharedLayout + TestAudit03RectSetSharedEffect","docs/regression/Audit03/rectset_shared_positive_v71_2026-10-02.txt; docs/regression/Audit03/config_units_full_off_v71_2026-10-02.txt; docs/regression/Audit03/config_units_full_on_v71_2026-10-02.txt","ActiveBehaviorAccepted:FullRangeReviewNotComplete","EachBar / EverySecondBar","Оба допустимых значения, активный/неактивный ряд, четыре грани, два ряда; actual merge/dropdown/idempotence/save-reopen проверены. Не заменяет диапазонную приемку диаметров/покрытия/размеров.",
"rngRectSetGeometry.ExtraRebar.H1 - правая.d2.Config!I119",,"rngRectSetGeometry","Config!I119","UserInput","TextOrNumber:PendingContractReview","Length input / count / selector: see physical field","PendingPerFieldReview","PendingCatalogMapping","PendingCallSiteReview","Generated selected shape; face/side/row contract; inactive geometry does not affect active shape","CSystemSettingsReader -> geometry / rebar builder -> CSectionModel","PendingDirectedBehaviorTest","NotRun","NotRun","Inventoried:BehaviorNotAccepted",,,
"rngRectSetGeometry.ExtraRebar.H1 - правая.положение.Config!J119",,"rngRectSetGeometry","Config!J119","NotEditable:MergedFollower","MergedFollower","Length input / count / selector: see physical field","PendingPerFieldReview","PendingCatalogMapping","PendingCallSiteReview","Generated selected shape; face/side/row contract; inactive geometry does not affect active shape","CSystemSettingsReader -> geometry / rebar builder -> CSectionModel","PendingDirectedBehaviorTest","NotRun","NotRun","Inventoried:BehaviorNotAccepted",,,
"rngRectSetGeometry.ExtraRebar.H1 - правая.привязка.Config!K119",,"rngRectSetGeometry","Config!K119","NotEditable:MergedFollower","MergedFollower","Length input / count / selector: see physical field","PendingPerFieldReview","PendingCatalogMapping","PendingCallSiteReview","Generated selected shape; face/side/row contract; inactive geometry does not affect active shape","CSystemSettingsReader -> geometry / rebar builder -> CSectionModel","PendingDirectedBehaviorTest","NotRun","NotRun","Inventoried:BehaviorNotAccepted",,,
"rngRectSetGeometry.ExtraRebar.H1 - правая.d3.Config!L119",,"rngRectSetGeometry","Config!L119","UserInput","TextOrNumber:PendingContractReview","Length input / count / selector: see physical field","PendingPerFieldReview","PendingCatalogMapping","PendingCallSiteReview","Generated selected shape; face/side/row contract; inactive geometry does not affect active shape","CSystemSettingsReader -> geometry / rebar builder -> CSectionModel","PendingDirectedBehaviorTest","NotRun","NotRun","Inventoried:BehaviorNotAccepted",,,
"rngRectSetGeometry.ExtraRebar.H1 - правая.положение.Config!M119",,"rngRectSetGeometry","Config!M119","NotEditable:MergedFollower","MergedFollower","Length input / count / selector: see physical field","PendingPerFieldReview","PendingCatalogMapping","PendingCallSiteReview","Generated selected shape; face/side/row contract; inactive geometry does not affect active shape","CSystemSettingsReader -> geometry / rebar builder -> CSectionModel","PendingDirectedBehaviorTest","NotRun","NotRun","Inventoried:BehaviorNotAccepted",,,
"rngRectSetGeometry.ExtraRebar.H1 - правая.привязка.Config!N119",,"rngRectSetGeometry","Config!N119","NotEditable:MergedFollower","MergedFollower","Length input / count / selector: see physical field","PendingPerFieldReview","PendingCatalogMapping","PendingCallSiteReview","Generated selected shape; face/side/row contract; inactive geometry does not affect active shape","CSystemSettingsReader -> geometry / rebar builder -> CSectionModel","PendingDirectedBehaviorTest","NotRun","NotRun","Inventoried:BehaviorNotAccepted",,,
"rngRectSetGeometry.ExtraRebar.B1 - верхняя.d2.Config!I120",,"rngRectSetGeometry","Config!I120","UserInput","TextOrNumber:PendingContractReview","Length input / count / selector: see physical field","PendingPerFieldReview","PendingCatalogMapping","PendingCallSiteReview","Generated selected shape; face/side/row contract; inactive geometry does not affect active shape","CSystemSettingsReader -> geometry / rebar builder -> CSectionModel","PendingDirectedBehaviorTest","NotRun","NotRun","Inventoried:BehaviorNotAccepted",,,
"rngRectSetGeometry.ExtraRebar.B1 - верхняя.положение.Config!J120","RectSet.B1.loc_2row","rngRectSetGeometry","Config!J120","UserInput","Enum","Length input / count / selector: see physical field","-","PendingCatalogMapping","Явный общий выбор Config; автономные defaults см. существующий builder.","Generated RectSet; соответствующий основной и дополнительный ряд активны на двух сторонах грани","Actual RectSet table -> CSystemSettingsReader -> CRectSetRebarLayoutBuilder -> CRebarLayout","Меняются координаты шести дополнительных стержней обеих сторон при прежнем count","modTestWorkbookInterface.TestAudit03RectSetSharedReader + TestAudit03RectSetSharedLayout + TestAudit03RectSetSharedEffect","docs/regression/Audit03/rectset_shared_positive_v71_2026-10-02.txt; docs/regression/Audit03/config_units_full_off_v71_2026-10-02.txt; docs/regression/Audit03/config_units_full_on_v71_2026-10-02.txt","ActiveBehaviorAccepted:FullRangeReviewNotComplete","Stacked / SideBySide","Оба допустимых значения, активный/неактивный ряд, четыре грани, два ряда; actual merge/dropdown/idempotence/save-reopen проверены. Не заменяет диапазонную приемку диаметров/покрытия/размеров.",
"rngRectSetGeometry.ExtraRebar.B1 - верхняя.привязка.Config!K120","RectSet.B1.bind_2row","rngRectSetGeometry","Config!K120","UserInput","Enum","Length input / count / selector: see physical field","-","PendingCatalogMapping","Явный общий выбор Config; автономные defaults см. существующий builder.","Generated RectSet; соответствующий основной и дополнительный ряд активны на двух сторонах грани","Actual RectSet table -> CSystemSettingsReader -> CRectSetRebarLayoutBuilder -> CRebarLayout","Дополнительные стержни обеих сторон меняют count с 6 до 4","modTestWorkbookInterface.TestAudit03RectSetSharedReader + TestAudit03RectSetSharedLayout + TestAudit03RectSetSharedEffect","docs/regression/Audit03/rectset_shared_positive_v71_2026-10-02.txt; docs/regression/Audit03/config_units_full_off_v71_2026-10-02.txt; docs/regression/Audit03/config_units_full_on_v71_2026-10-02.txt","ActiveBehaviorAccepted:FullRangeReviewNotComplete","EachBar / EverySecondBar","Оба допустимых значения, активный/неактивный ряд, четыре грани, два ряда; actual merge/dropdown/idempotence/save-reopen проверены. Не заменяет диапазонную приемку диаметров/покрытия/размеров.",
"rngRectSetGeometry.ExtraRebar.B1 - верхняя.d3.Config!L120",,"rngRectSetGeometry","Config!L120","UserInput","TextOrNumber:PendingContractReview","Length input / count / selector: see physical field","PendingPerFieldReview","PendingCatalogMapping","PendingCallSiteReview","Generated selected shape; face/side/row contract; inactive geometry does not affect active shape","CSystemSettingsReader -> geometry / rebar builder -> CSectionModel","PendingDirectedBehaviorTest","NotRun","NotRun","Inventoried:BehaviorNotAccepted",,,
"rngRectSetGeometry.ExtraRebar.B1 - верхняя.положение.Config!M120","RectSet.B1.loc_3row","rngRectSetGeometry","Config!M120","UserInput","Enum","Length input / count / selector: see physical field","-","PendingCatalogMapping","Явный общий выбор Config; автономные defaults см. существующий builder.","Generated RectSet; соответствующий основной и дополнительный ряд активны на двух сторонах грани","Actual RectSet table -> CSystemSettingsReader -> CRectSetRebarLayoutBuilder -> CRebarLayout","Меняются координаты шести дополнительных стержней обеих сторон при прежнем count","modTestWorkbookInterface.TestAudit03RectSetSharedReader + TestAudit03RectSetSharedLayout + TestAudit03RectSetSharedEffect","docs/regression/Audit03/rectset_shared_positive_v71_2026-10-02.txt; docs/regression/Audit03/config_units_full_off_v71_2026-10-02.txt; docs/regression/Audit03/config_units_full_on_v71_2026-10-02.txt","ActiveBehaviorAccepted:FullRangeReviewNotComplete","Stacked / SideBySide","Оба допустимых значения, активный/неактивный ряд, четыре грани, два ряда; actual merge/dropdown/idempotence/save-reopen проверены. Не заменяет диапазонную приемку диаметров/покрытия/размеров.",
"rngRectSetGeometry.ExtraRebar.B1 - верхняя.привязка.Config!N120","RectSet.B1.bind_3row","rngRectSetGeometry","Config!N120","UserInput","Enum","Length input / count / selector: see physical field","-","PendingCatalogMapping","Явный общий выбор Config; автономные defaults см. существующий builder.","Generated RectSet; соответствующий основной и дополнительный ряд активны на двух сторонах грани","Actual RectSet table -> CSystemSettingsReader -> CRectSetRebarLayoutBuilder -> CRebarLayout","Дополнительные стержни обеих сторон меняют count с 6 до 4","modTestWorkbookInterface.TestAudit03RectSetSharedReader + TestAudit03RectSetSharedLayout + TestAudit03RectSetSharedEffect","docs/regression/Audit03/rectset_shared_positive_v71_2026-10-02.txt; docs/regression/Audit03/config_units_full_off_v71_2026-10-02.txt; docs/regression/Audit03/config_units_full_on_v71_2026-10-02.txt","ActiveBehaviorAccepted:FullRangeReviewNotComplete","EachBar / EverySecondBar","Оба допустимых значения, активный/неактивный ряд, четыре грани, два ряда; actual merge/dropdown/idempotence/save-reopen проверены. Не заменяет диапазонную приемку диаметров/покрытия/размеров.",
"rngRectSetGeometry.ExtraRebar.B1 - нижняя.d2.Config!I121",,"rngRectSetGeometry","Config!I121","UserInput","TextOrNumber:PendingContractReview","Length input / count / selector: see physical field","PendingPerFieldReview","PendingCatalogMapping","PendingCallSiteReview","Generated selected shape; face/side/row contract; inactive geometry does not affect active shape","CSystemSettingsReader -> geometry / rebar builder -> CSectionModel","PendingDirectedBehaviorTest","NotRun","NotRun","Inventoried:BehaviorNotAccepted",,,
"rngRectSetGeometry.ExtraRebar.B1 - нижняя.положение.Config!J121",,"rngRectSetGeometry","Config!J121","NotEditable:MergedFollower","MergedFollower","Length input / count / selector: see physical field","PendingPerFieldReview","PendingCatalogMapping","PendingCallSiteReview","Generated selected shape; face/side/row contract; inactive geometry does not affect active shape","CSystemSettingsReader -> geometry / rebar builder -> CSectionModel","PendingDirectedBehaviorTest","NotRun","NotRun","Inventoried:BehaviorNotAccepted",,,
"rngRectSetGeometry.ExtraRebar.B1 - нижняя.привязка.Config!K121",,"rngRectSetGeometry","Config!K121","NotEditable:MergedFollower","MergedFollower","Length input / count / selector: see physical field","PendingPerFieldReview","PendingCatalogMapping","PendingCallSiteReview","Generated selected shape; face/side/row contract; inactive geometry does not affect active shape","CSystemSettingsReader -> geometry / rebar builder -> CSectionModel","PendingDirectedBehaviorTest","NotRun","NotRun","Inventoried:BehaviorNotAccepted",,,
"rngRectSetGeometry.ExtraRebar.B1 - нижняя.d3.Config!L121",,"rngRectSetGeometry","Config!L121","UserInput","TextOrNumber:PendingContractReview","Length input / count / selector: see physical field","PendingPerFieldReview","PendingCatalogMapping","PendingCallSiteReview","Generated selected shape; face/side/row contract; inactive geometry does not affect active shape","CSystemSettingsReader -> geometry / rebar builder -> CSectionModel","PendingDirectedBehaviorTest","NotRun","NotRun","Inventoried:BehaviorNotAccepted",,,
"rngRectSetGeometry.ExtraRebar.B1 - нижняя.положение.Config!M121",,"rngRectSetGeometry","Config!M121","NotEditable:MergedFollower","MergedFollower","Length input / count / selector: see physical field","PendingPerFieldReview","PendingCatalogMapping","PendingCallSiteReview","Generated selected shape; face/side/row contract; inactive geometry does not affect active shape","CSystemSettingsReader -> geometry / rebar builder -> CSectionModel","PendingDirectedBehaviorTest","NotRun","NotRun","Inventoried:BehaviorNotAccepted",,,
"rngRectSetGeometry.ExtraRebar.B1 - нижняя.привязка.Config!N121",,"rngRectSetGeometry","Config!N121","NotEditable:MergedFollower","MergedFollower","Length input / count / selector: see physical field","PendingPerFieldReview","PendingCatalogMapping","PendingCallSiteReview","Generated selected shape; face/side/row contract; inactive geometry does not affect active shape","CSystemSettingsReader -> geometry / rebar builder -> CSectionModel","PendingDirectedBehaviorTest","NotRun","NotRun","Inventoried:BehaviorNotAccepted",,,
"rngRectSetGeometry.ExtraRebar.H2 - левая.d2.Config!I122",,"rngRectSetGeometry","Config!I122","UserInput","TextOrNumber:PendingContractReview","Length input / count / selector: see physical field","PendingPerFieldReview","PendingCatalogMapping","PendingCallSiteReview","Generated selected shape; face/side/row contract; inactive geometry does not affect active shape","CSystemSettingsReader -> geometry / rebar builder -> CSectionModel","PendingDirectedBehaviorTest","NotRun","NotRun","Inventoried:BehaviorNotAccepted",,,
"rngRectSetGeometry.ExtraRebar.H2 - левая.положение.Config!J122","RectSet.H2.loc_2row","rngRectSetGeometry","Config!J122","UserInput","Enum","Length input / count / selector: see physical field","-","PendingCatalogMapping","Явный общий выбор Config; автономные defaults см. существующий builder.","Generated RectSet; соответствующий основной и дополнительный ряд активны на двух сторонах грани","Actual RectSet table -> CSystemSettingsReader -> CRectSetRebarLayoutBuilder -> CRebarLayout","Меняются координаты шести дополнительных стержней обеих сторон при прежнем count","modTestWorkbookInterface.TestAudit03RectSetSharedReader + TestAudit03RectSetSharedLayout + TestAudit03RectSetSharedEffect","docs/regression/Audit03/rectset_shared_positive_v71_2026-10-02.txt; docs/regression/Audit03/config_units_full_off_v71_2026-10-02.txt; docs/regression/Audit03/config_units_full_on_v71_2026-10-02.txt","ActiveBehaviorAccepted:FullRangeReviewNotComplete","Stacked / SideBySide","Оба допустимых значения, активный/неактивный ряд, четыре грани, два ряда; actual merge/dropdown/idempotence/save-reopen проверены. Не заменяет диапазонную приемку диаметров/покрытия/размеров.",
"rngRectSetGeometry.ExtraRebar.H2 - левая.привязка.Config!K122","RectSet.H2.bind_2row","rngRectSetGeometry","Config!K122","UserInput","Enum","Length input / count / selector: see physical field","-","PendingCatalogMapping","Явный общий выбор Config; автономные defaults см. существующий builder.","Generated RectSet; соответствующий основной и дополнительный ряд активны на двух сторонах грани","Actual RectSet table -> CSystemSettingsReader -> CRectSetRebarLayoutBuilder -> CRebarLayout","Дополнительные стержни обеих сторон меняют count с 6 до 4","modTestWorkbookInterface.TestAudit03RectSetSharedReader + TestAudit03RectSetSharedLayout + TestAudit03RectSetSharedEffect","docs/regression/Audit03/rectset_shared_positive_v71_2026-10-02.txt; docs/regression/Audit03/config_units_full_off_v71_2026-10-02.txt; docs/regression/Audit03/config_units_full_on_v71_2026-10-02.txt","ActiveBehaviorAccepted:FullRangeReviewNotComplete","EachBar / EverySecondBar","Оба допустимых значения, активный/неактивный ряд, четыре грани, два ряда; actual merge/dropdown/idempotence/save-reopen проверены. Не заменяет диапазонную приемку диаметров/покрытия/размеров.",
"rngRectSetGeometry.ExtraRebar.H2 - левая.d3.Config!L122",,"rngRectSetGeometry","Config!L122","UserInput","TextOrNumber:PendingContractReview","Length input / count / selector: see physical field","PendingPerFieldReview","PendingCatalogMapping","PendingCallSiteReview","Generated selected shape; face/side/row contract; inactive geometry does not affect active shape","CSystemSettingsReader -> geometry / rebar builder -> CSectionModel","PendingDirectedBehaviorTest","NotRun","NotRun","Inventoried:BehaviorNotAccepted",,,
"rngRectSetGeometry.ExtraRebar.H2 - левая.положение.Config!M122","RectSet.H2.loc_3row","rngRectSetGeometry","Config!M122","UserInput","Enum","Length input / count / selector: see physical field","-","PendingCatalogMapping","Явный общий выбор Config; автономные defaults см. существующий builder.","Generated RectSet; соответствующий основной и дополнительный ряд активны на двух сторонах грани","Actual RectSet table -> CSystemSettingsReader -> CRectSetRebarLayoutBuilder -> CRebarLayout","Меняются координаты шести дополнительных стержней обеих сторон при прежнем count","modTestWorkbookInterface.TestAudit03RectSetSharedReader + TestAudit03RectSetSharedLayout + TestAudit03RectSetSharedEffect","docs/regression/Audit03/rectset_shared_positive_v71_2026-10-02.txt; docs/regression/Audit03/config_units_full_off_v71_2026-10-02.txt; docs/regression/Audit03/config_units_full_on_v71_2026-10-02.txt","ActiveBehaviorAccepted:FullRangeReviewNotComplete","Stacked / SideBySide","Оба допустимых значения, активный/неактивный ряд, четыре грани, два ряда; actual merge/dropdown/idempotence/save-reopen проверены. Не заменяет диапазонную приемку диаметров/покрытия/размеров.",
"rngRectSetGeometry.ExtraRebar.H2 - левая.привязка.Config!N122","RectSet.H2.bind_3row","rngRectSetGeometry","Config!N122","UserInput","Enum","Length input / count / selector: see physical field","-","PendingCatalogMapping","Явный общий выбор Config; автономные defaults см. существующий builder.","Generated RectSet; соответствующий основной и дополнительный ряд активны на двух сторонах грани","Actual RectSet table -> CSystemSettingsReader -> CRectSetRebarLayoutBuilder -> CRebarLayout","Дополнительные стержни обеих сторон меняют count с 6 до 4","modTestWorkbookInterface.TestAudit03RectSetSharedReader + TestAudit03RectSetSharedLayout + TestAudit03RectSetSharedEffect","docs/regression/Audit03/rectset_shared_positive_v71_2026-10-02.txt; docs/regression/Audit03/config_units_full_off_v71_2026-10-02.txt; docs/regression/Audit03/config_units_full_on_v71_2026-10-02.txt","ActiveBehaviorAccepted:FullRangeReviewNotComplete","EachBar / EverySecondBar","Оба допустимых значения, активный/неактивный ряд, четыре грани, два ряда; actual merge/dropdown/idempotence/save-reopen проверены. Не заменяет диапазонную приемку диаметров/покрытия/размеров.",
"rngRectSetGeometry.ExtraRebar.H2 - правая.d2.Config!I123",,"rngRectSetGeometry","Config!I123","UserInput","TextOrNumber:PendingContractReview","Length input / count / selector: see physical field","PendingPerFieldReview","PendingCatalogMapping","PendingCallSiteReview","Generated selected shape; face/side/row contract; inactive geometry does not affect active shape","CSystemSettingsReader -> geometry / rebar builder -> CSectionModel","PendingDirectedBehaviorTest","NotRun","NotRun","Inventoried:BehaviorNotAccepted",,,
"rngRectSetGeometry.ExtraRebar.H2 - правая.положение.Config!J123",,"rngRectSetGeometry","Config!J123","NotEditable:MergedFollower","MergedFollower","Length input / count / selector: see physical field","PendingPerFieldReview","PendingCatalogMapping","PendingCallSiteReview","Generated selected shape; face/side/row contract; inactive geometry does not affect active shape","CSystemSettingsReader -> geometry / rebar builder -> CSectionModel","PendingDirectedBehaviorTest","NotRun","NotRun","Inventoried:BehaviorNotAccepted",,,
"rngRectSetGeometry.ExtraRebar.H2 - правая.привязка.Config!K123",,"rngRectSetGeometry","Config!K123","NotEditable:MergedFollower","MergedFollower","Length input / count / selector: see physical field","PendingPerFieldReview","PendingCatalogMapping","PendingCallSiteReview","Generated selected shape; face/side/row contract; inactive geometry does not affect active shape","CSystemSettingsReader -> geometry / rebar builder -> CSectionModel","PendingDirectedBehaviorTest","NotRun","NotRun","Inventoried:BehaviorNotAccepted",,,
"rngRectSetGeometry.ExtraRebar.H2 - правая.d3.Config!L123",,"rngRectSetGeometry","Config!L123","UserInput","TextOrNumber:PendingContractReview","Length input / count / selector: see physical field","PendingPerFieldReview","PendingCatalogMapping","PendingCallSiteReview","Generated selected shape; face/side/row contract; inactive geometry does not affect active shape","CSystemSettingsReader -> geometry / rebar builder -> CSectionModel","PendingDirectedBehaviorTest","NotRun","NotRun","Inventoried:BehaviorNotAccepted",,,
"rngRectSetGeometry.ExtraRebar.H2 - правая.положение.Config!M123",,"rngRectSetGeometry","Config!M123","NotEditable:MergedFollower","MergedFollower","Length input / count / selector: see physical field","PendingPerFieldReview","PendingCatalogMapping","PendingCallSiteReview","Generated selected shape; face/side/row contract; inactive geometry does not affect active shape","CSystemSettingsReader -> geometry / rebar builder -> CSectionModel","PendingDirectedBehaviorTest","NotRun","NotRun","Inventoried:BehaviorNotAccepted",,,
"rngRectSetGeometry.ExtraRebar.H2 - правая.привязка.Config!N123",,"rngRectSetGeometry","Config!N123","NotEditable:MergedFollower","MergedFollower","Length input / count / selector: see physical field","PendingPerFieldReview","PendingCatalogMapping","PendingCallSiteReview","Generated selected shape; face/side/row contract; inactive geometry does not affect active shape","CSystemSettingsReader -> geometry / rebar builder -> CSectionModel","PendingDirectedBehaviorTest","NotRun","NotRun","Inventoried:BehaviorNotAccepted",,,
"rngRectSetGeometry.ExtraRebar.B2 - верхняя.d2.Config!I124",,"rngRectSetGeometry","Config!I124","UserInput","TextOrNumber:PendingContractReview","Length input / count / selector: see physical field","PendingPerFieldReview","PendingCatalogMapping","PendingCallSiteReview","Generated selected shape; face/side/row contract; inactive geometry does not affect active shape","CSystemSettingsReader -> geometry / rebar builder -> CSectionModel","PendingDirectedBehaviorTest","NotRun","NotRun","Inventoried:BehaviorNotAccepted",,,
"rngRectSetGeometry.ExtraRebar.B2 - верхняя.положение.Config!J124","RectSet.B2.loc_2row","rngRectSetGeometry","Config!J124","UserInput","Enum","Length input / count / selector: see physical field","-","PendingCatalogMapping","Явный общий выбор Config; автономные defaults см. существующий builder.","Generated RectSet; соответствующий основной и дополнительный ряд активны на двух сторонах грани","Actual RectSet table -> CSystemSettingsReader -> CRectSetRebarLayoutBuilder -> CRebarLayout","Меняются координаты шести дополнительных стержней обеих сторон при прежнем count","modTestWorkbookInterface.TestAudit03RectSetSharedReader + TestAudit03RectSetSharedLayout + TestAudit03RectSetSharedEffect","docs/regression/Audit03/rectset_shared_positive_v71_2026-10-02.txt; docs/regression/Audit03/config_units_full_off_v71_2026-10-02.txt; docs/regression/Audit03/config_units_full_on_v71_2026-10-02.txt","ActiveBehaviorAccepted:FullRangeReviewNotComplete","Stacked / SideBySide","Оба допустимых значения, активный/неактивный ряд, четыре грани, два ряда; actual merge/dropdown/idempotence/save-reopen проверены. Не заменяет диапазонную приемку диаметров/покрытия/размеров.",
"rngRectSetGeometry.ExtraRebar.B2 - верхняя.привязка.Config!K124","RectSet.B2.bind_2row","rngRectSetGeometry","Config!K124","UserInput","Enum","Length input / count / selector: see physical field","-","PendingCatalogMapping","Явный общий выбор Config; автономные defaults см. существующий builder.","Generated RectSet; соответствующий основной и дополнительный ряд активны на двух сторонах грани","Actual RectSet table -> CSystemSettingsReader -> CRectSetRebarLayoutBuilder -> CRebarLayout","Дополнительные стержни обеих сторон меняют count с 6 до 4","modTestWorkbookInterface.TestAudit03RectSetSharedReader + TestAudit03RectSetSharedLayout + TestAudit03RectSetSharedEffect","docs/regression/Audit03/rectset_shared_positive_v71_2026-10-02.txt; docs/regression/Audit03/config_units_full_off_v71_2026-10-02.txt; docs/regression/Audit03/config_units_full_on_v71_2026-10-02.txt","ActiveBehaviorAccepted:FullRangeReviewNotComplete","EachBar / EverySecondBar","Оба допустимых значения, активный/неактивный ряд, четыре грани, два ряда; actual merge/dropdown/idempotence/save-reopen проверены. Не заменяет диапазонную приемку диаметров/покрытия/размеров.",
"rngRectSetGeometry.ExtraRebar.B2 - верхняя.d3.Config!L124",,"rngRectSetGeometry","Config!L124","UserInput","TextOrNumber:PendingContractReview","Length input / count / selector: see physical field","PendingPerFieldReview","PendingCatalogMapping","PendingCallSiteReview","Generated selected shape; face/side/row contract; inactive geometry does not affect active shape","CSystemSettingsReader -> geometry / rebar builder -> CSectionModel","PendingDirectedBehaviorTest","NotRun","NotRun","Inventoried:BehaviorNotAccepted",,,
"rngRectSetGeometry.ExtraRebar.B2 - верхняя.положение.Config!M124","RectSet.B2.loc_3row","rngRectSetGeometry","Config!M124","UserInput","Enum","Length input / count / selector: see physical field","-","PendingCatalogMapping","Явный общий выбор Config; автономные defaults см. существующий builder.","Generated RectSet; соответствующий основной и дополнительный ряд активны на двух сторонах грани","Actual RectSet table -> CSystemSettingsReader -> CRectSetRebarLayoutBuilder -> CRebarLayout","Меняются координаты шести дополнительных стержней обеих сторон при прежнем count","modTestWorkbookInterface.TestAudit03RectSetSharedReader + TestAudit03RectSetSharedLayout + TestAudit03RectSetSharedEffect","docs/regression/Audit03/rectset_shared_positive_v71_2026-10-02.txt; docs/regression/Audit03/config_units_full_off_v71_2026-10-02.txt; docs/regression/Audit03/config_units_full_on_v71_2026-10-02.txt","ActiveBehaviorAccepted:FullRangeReviewNotComplete","Stacked / SideBySide","Оба допустимых значения, активный/неактивный ряд, четыре грани, два ряда; actual merge/dropdown/idempotence/save-reopen проверены. Не заменяет диапазонную приемку диаметров/покрытия/размеров.",
"rngRectSetGeometry.ExtraRebar.B2 - верхняя.привязка.Config!N124","RectSet.B2.bind_3row","rngRectSetGeometry","Config!N124","UserInput","Enum","Length input / count / selector: see physical field","-","PendingCatalogMapping","Явный общий выбор Config; автономные defaults см. существующий builder.","Generated RectSet; соответствующий основной и дополнительный ряд активны на двух сторонах грани","Actual RectSet table -> CSystemSettingsReader -> CRectSetRebarLayoutBuilder -> CRebarLayout","Дополнительные стержни обеих сторон меняют count с 6 до 4","modTestWorkbookInterface.TestAudit03RectSetSharedReader + TestAudit03RectSetSharedLayout + TestAudit03RectSetSharedEffect","docs/regression/Audit03/rectset_shared_positive_v71_2026-10-02.txt; docs/regression/Audit03/config_units_full_off_v71_2026-10-02.txt; docs/regression/Audit03/config_units_full_on_v71_2026-10-02.txt","ActiveBehaviorAccepted:FullRangeReviewNotComplete","EachBar / EverySecondBar","Оба допустимых значения, активный/неактивный ряд, четыре грани, два ряда; actual merge/dropdown/idempotence/save-reopen проверены. Не заменяет диапазонную приемку диаметров/покрытия/размеров.",
"rngRectSetGeometry.ExtraRebar.B2 - нижняя.d2.Config!I125",,"rngRectSetGeometry","Config!I125","UserInput","TextOrNumber:PendingContractReview","Length input / count / selector: see physical field","PendingPerFieldReview","PendingCatalogMapping","PendingCallSiteReview","Generated selected shape; face/side/row contract; inactive geometry does not affect active shape","CSystemSettingsReader -> geometry / rebar builder -> CSectionModel","PendingDirectedBehaviorTest","NotRun","NotRun","Inventoried:BehaviorNotAccepted",,,
"rngRectSetGeometry.ExtraRebar.B2 - нижняя.положение.Config!J125",,"rngRectSetGeometry","Config!J125","NotEditable:MergedFollower","MergedFollower","Length input / count / selector: see physical field","PendingPerFieldReview","PendingCatalogMapping","PendingCallSiteReview","Generated selected shape; face/side/row contract; inactive geometry does not affect active shape","CSystemSettingsReader -> geometry / rebar builder -> CSectionModel","PendingDirectedBehaviorTest","NotRun","NotRun","Inventoried:BehaviorNotAccepted",,,
"rngRectSetGeometry.ExtraRebar.B2 - нижняя.привязка.Config!K125",,"rngRectSetGeometry","Config!K125","NotEditable:MergedFollower","MergedFollower","Length input / count / selector: see physical field","PendingPerFieldReview","PendingCatalogMapping","PendingCallSiteReview","Generated selected shape; face/side/row contract; inactive geometry does not affect active shape","CSystemSettingsReader -> geometry / rebar builder -> CSectionModel","PendingDirectedBehaviorTest","NotRun","NotRun","Inventoried:BehaviorNotAccepted",,,
"rngRectSetGeometry.ExtraRebar.B2 - нижняя.d3.Config!L125",,"rngRectSetGeometry","Config!L125","UserInput","TextOrNumber:PendingContractReview","Length input / count / selector: see physical field","PendingPerFieldReview","PendingCatalogMapping","PendingCallSiteReview","Generated selected shape; face/side/row contract; inactive geometry does not affect active shape","CSystemSettingsReader -> geometry / rebar builder -> CSectionModel","PendingDirectedBehaviorTest","NotRun","NotRun","Inventoried:BehaviorNotAccepted",,,
"rngRectSetGeometry.ExtraRebar.B2 - нижняя.положение.Config!M125",,"rngRectSetGeometry","Config!M125","NotEditable:MergedFollower","MergedFollower","Length input / count / selector: see physical field","PendingPerFieldReview","PendingCatalogMapping","PendingCallSiteReview","Generated selected shape; face/side/row contract; inactive geometry does not affect active shape","CSystemSettingsReader -> geometry / rebar builder -> CSectionModel","PendingDirectedBehaviorTest","NotRun","NotRun","Inventoried:BehaviorNotAccepted",,,
"rngRectSetGeometry.ExtraRebar.B2 - нижняя.привязка.Config!N125",,"rngRectSetGeometry","Config!N125","NotEditable:MergedFollower","MergedFollower","Length input / count / selector: see physical field","PendingPerFieldReview","PendingCatalogMapping","PendingCallSiteReview","Generated selected shape; face/side/row contract; inactive geometry does not affect active shape","CSystemSettingsReader -> geometry / rebar builder -> CSectionModel","PendingDirectedBehaviorTest","NotRun","NotRun","Inventoried:BehaviorNotAccepted",,,
"rngLoadCombinations.Slot1.CombinationID",,"rngLoadCombinations","Config!O4","UserInput","Text","User load units / ID / path / profile / comment","-","PendingCatalogMapping","Обязательное поле ненулевой строки","Ненулевая строка LC; полностью пустая и достоверно нулевая нагрузка пропускаются, source slot сохраняется","CLoadCombinationReader -> CUnitSystem -> реальные profiles/batch -> State/Capacity/Formation -> typed result comments/status -> CBatchResultWriter","ID сохраняется в своей строке Results после повторного Execute, перестановки и пропусков строк","modTestLoadTableConfig.RunAudit03LoadTableTests","docs/regression/Audit03/load_table_diagnostic_v143_2026-10-03.txt; docs/regression/Audit03/full_off_profile_scope_final_v173_2026-10-03.txt; docs/regression/Audit03/full_on_profile_scope_final_v173_2026-10-03.txt","ActiveBehaviorAccepted:FullRangeReviewNotComplete","Непустой ID для ненулевой строки; идентичность определяется source slot, не числовой сортировкой ID","910 случаев: 30 строк x семь полей, шесть путей обоих Search consumers, четыре профиля, повтор/обратный порядок/пропуски, optional blanks, CVErr/нечисловые и overflow значения. Это активное адресное поведение; все произвольные геометрии, масштабы нагрузок и взаимодействия Config не объявляются закрытыми.",
"rngLoadCombinations.Slot1.N, tf",,"rngLoadCombinations","Config!P4","UserInput","Double","User load units / ID / path / profile / comment","N","PendingCatalogMapping","Пустая ячейка -> 0; некорректный ввод не подменяется нулем","Ненулевая строка LC; полностью пустая и достоверно нулевая нагрузка пропускаются, source slot сохраняется","CLoadCombinationReader -> CUnitSystem -> реальные profiles/batch -> State/Capacity/Formation -> typed result comments/status -> CBatchResultWriter","Введенная сила дает независимо проверенные внутренний знак, величину и target состояния; участвует в физическом LambdaN/NMxy","modTestLoadTableConfig.RunAudit03LoadTableTests","docs/regression/Audit03/load_table_diagnostic_v143_2026-10-03.txt; docs/regression/Audit03/full_off_profile_scope_final_v173_2026-10-03.txt; docs/regression/Audit03/full_on_profile_scope_final_v173_2026-10-03.txt","ActiveBehaviorAccepted:FullRangeReviewNotComplete","Представимый Double; допустимый диапазон дополнительно ограничен пересчетом INPUT -> внутренние единицы","910 случаев: 30 строк x семь полей, шесть путей обоих Search consumers, четыре профиля, повтор/обратный порядок/пропуски, optional blanks, CVErr/нечисловые и overflow значения. Это активное адресное поведение; все произвольные геометрии, масштабы нагрузок и взаимодействия Config не объявляются закрытыми.",
"rngLoadCombinations.Slot1.Mx, tf*m",,"rngLoadCombinations","Config!Q4","UserInput","Double","User load units / ID / path / profile / comment","N*mm","PendingCatalogMapping","Пустая ячейка -> 0; некорректный ввод не подменяется нулем","Ненулевая строка LC; полностью пустая и достоверно нулевая нагрузка пропускаются, source slot сохраняется","CLoadCombinationReader -> CUnitSystem -> реальные profiles/batch -> State/Capacity/Formation -> typed result comments/status -> CBatchResultWriter","Введенный Mx дает независимо проверенные величину и target состояния; физические Mx/Mxy/NMxy и fixed компоненты сверяются отдельно","modTestLoadTableConfig.RunAudit03LoadTableTests","docs/regression/Audit03/load_table_diagnostic_v143_2026-10-03.txt; docs/regression/Audit03/full_off_profile_scope_final_v173_2026-10-03.txt; docs/regression/Audit03/full_on_profile_scope_final_v173_2026-10-03.txt","ActiveBehaviorAccepted:FullRangeReviewNotComplete","Представимый Double; допустимый диапазон дополнительно ограничен пересчетом INPUT -> внутренние единицы","910 случаев: 30 строк x семь полей, шесть путей обоих Search consumers, четыре профиля, повтор/обратный порядок/пропуски, optional blanks, CVErr/нечисловые и overflow значения. Это активное адресное поведение; все произвольные геометрии, масштабы нагрузок и взаимодействия Config не объявляются закрытыми.",
"rngLoadCombinations.Slot1.My, tf*m",,"rngLoadCombinations","Config!R4","UserInput","Double","User load units / ID / path / profile / comment","N*mm","PendingCatalogMapping","Пустая ячейка -> 0; некорректный ввод не подменяется нулем","Ненулевая строка LC; полностью пустая и достоверно нулевая нагрузка пропускаются, source slot сохраняется","CLoadCombinationReader -> CUnitSystem -> реальные profiles/batch -> State/Capacity/Formation -> typed result comments/status -> CBatchResultWriter","Введенный My дает независимо проверенные величину и target состояния; физические My/Mxy/NMxy и fixed компоненты сверяются отдельно","modTestLoadTableConfig.RunAudit03LoadTableTests","docs/regression/Audit03/load_table_diagnostic_v143_2026-10-03.txt; docs/regression/Audit03/full_off_profile_scope_final_v173_2026-10-03.txt; docs/regression/Audit03/full_on_profile_scope_final_v173_2026-10-03.txt","ActiveBehaviorAccepted:FullRangeReviewNotComplete","Представимый Double; допустимый диапазон дополнительно ограничен пересчетом INPUT -> внутренние единицы","910 случаев: 30 строк x семь полей, шесть путей обоих Search consumers, четыре профиля, повтор/обратный порядок/пропуски, optional blanks, CVErr/нечисловые и overflow значения. Это активное адресное поведение; все произвольные геометрии, масштабы нагрузок и взаимодействия Config не объявляются закрытыми.",
"rngLoadCombinations.Slot1.ProfileId",,"rngLoadCombinations","Config!S4","UserInput","Enum","User load units / ID / path / profile / comment","-","PendingCatalogMapping","Обязательное поле ненулевой строки","Ненулевая строка LC; полностью пустая и достоверно нулевая нагрузка пропускаются, source slot сохраняется","CLoadCombinationReader -> CUnitSystem -> реальные profiles/batch -> State/Capacity/Formation -> typed result comments/status -> CBatchResultWriter","Все четыре реальные профиля читаются каталогом и назначаются конкретному LC; active Direct/Capacity/Crack реально исполняются","modTestLoadTableConfig.RunAudit03LoadTableTests","docs/regression/Audit03/load_table_diagnostic_v143_2026-10-03.txt; docs/regression/Audit03/full_off_profile_scope_final_v173_2026-10-03.txt; docs/regression/Audit03/full_on_profile_scope_final_v173_2026-10-03.txt","ActiveBehaviorAccepted:FullRangeReviewNotComplete","ID из реального CCalculationProfileCatalog; штатные PR1/PR2/PR3/PR4","910 случаев: 30 строк x семь полей, шесть путей обоих Search consumers, четыре профиля, повтор/обратный порядок/пропуски, optional blanks, CVErr/нечисловые и overflow значения. Это активное адресное поведение; все произвольные геометрии, масштабы нагрузок и взаимодействия Config не объявляются закрытыми.",
"rngLoadCombinations.Slot1.LoadPath",,"rngLoadCombinations","Config!T4","UserInput","Enum","User load units / ID / path / profile / comment","-","PendingCatalogMapping","Пустая ячейка -> Auto","Ненулевая строка LC; полностью пустая и достоверно нулевая нагрузка пропускаются, source slot сохраняется","CLoadCombinationReader -> CUnitSystem -> реальные profiles/batch -> State/Capacity/Formation -> typed result comments/status -> CBatchResultWriter","Все шесть путей реально используются Capacity/Formation; сохраненные физические точки сверены с независимым разложением N/Mx/My, без подмены fixed пути","modTestLoadTableConfig.RunAudit03LoadTableTests","docs/regression/Audit03/load_table_diagnostic_v143_2026-10-03.txt; docs/regression/Audit03/full_off_profile_scope_final_v173_2026-10-03.txt; docs/regression/Audit03/full_on_profile_scope_final_v173_2026-10-03.txt","ActiveBehaviorAccepted:FullRangeReviewNotComplete","Auto / LambdaMx / LambdaMy / LambdaMxy / LambdaN / LambdaNMxy и штатные display aliases","910 случаев: 30 строк x семь полей, шесть путей обоих Search consumers, четыре профиля, повтор/обратный порядок/пропуски, optional blanks, CVErr/нечисловые и overflow значения. Это активное адресное поведение; все произвольные геометрии, масштабы нагрузок и взаимодействия Config не объявляются закрытыми.",
"rngLoadCombinations.Slot1.Comment",,"rngLoadCombinations","Config!U4","UserInput","Text","User load units / ID / path / profile / comment","-","PendingCatalogMapping","Пустой пользовательский комментарий разрешен","Ненулевая строка LC; полностью пустая и достоверно нулевая нагрузка пропускаются, source slot сохраняется","CLoadCombinationReader -> CUnitSystem -> реальные profiles/batch -> State/Capacity/Formation -> typed result comments/status -> CBatchResultWriter","Комментарий сохраняется без смешивания с инженерным ResultComment и следует своей строке при перестановке/пропусках","modTestLoadTableConfig.RunAudit03LoadTableTests","docs/regression/Audit03/load_table_diagnostic_v143_2026-10-03.txt; docs/regression/Audit03/full_off_profile_scope_final_v173_2026-10-03.txt; docs/regression/Audit03/full_on_profile_scope_final_v173_2026-10-03.txt","ActiveBehaviorAccepted:FullRangeReviewNotComplete","Текст пользовательского комментария; пустое значение разрешено","910 случаев: 30 строк x семь полей, шесть путей обоих Search consumers, четыре профиля, повтор/обратный порядок/пропуски, optional blanks, CVErr/нечисловые и overflow значения. Это активное адресное поведение; все произвольные геометрии, масштабы нагрузок и взаимодействия Config не объявляются закрытыми.",
"rngLoadCombinations.Slot2.CombinationID",,"rngLoadCombinations","Config!O5","UserInput","Text","User load units / ID / path / profile / comment","-","PendingCatalogMapping","Обязательное поле ненулевой строки","Ненулевая строка LC; полностью пустая и достоверно нулевая нагрузка пропускаются, source slot сохраняется","CLoadCombinationReader -> CUnitSystem -> реальные profiles/batch -> State/Capacity/Formation -> typed result comments/status -> CBatchResultWriter","ID сохраняется в своей строке Results после повторного Execute, перестановки и пропусков строк","modTestLoadTableConfig.RunAudit03LoadTableTests","docs/regression/Audit03/load_table_diagnostic_v143_2026-10-03.txt; docs/regression/Audit03/full_off_profile_scope_final_v173_2026-10-03.txt; docs/regression/Audit03/full_on_profile_scope_final_v173_2026-10-03.txt","ActiveBehaviorAccepted:FullRangeReviewNotComplete","Непустой ID для ненулевой строки; идентичность определяется source slot, не числовой сортировкой ID","910 случаев: 30 строк x семь полей, шесть путей обоих Search consumers, четыре профиля, повтор/обратный порядок/пропуски, optional blanks, CVErr/нечисловые и overflow значения. Это активное адресное поведение; все произвольные геометрии, масштабы нагрузок и взаимодействия Config не объявляются закрытыми.",
"rngLoadCombinations.Slot2.N, tf",,"rngLoadCombinations","Config!P5","UserInput","Double","User load units / ID / path / profile / comment","N","PendingCatalogMapping","Пустая ячейка -> 0; некорректный ввод не подменяется нулем","Ненулевая строка LC; полностью пустая и достоверно нулевая нагрузка пропускаются, source slot сохраняется","CLoadCombinationReader -> CUnitSystem -> реальные profiles/batch -> State/Capacity/Formation -> typed result comments/status -> CBatchResultWriter","Введенная сила дает независимо проверенные внутренний знак, величину и target состояния; участвует в физическом LambdaN/NMxy","modTestLoadTableConfig.RunAudit03LoadTableTests","docs/regression/Audit03/load_table_diagnostic_v143_2026-10-03.txt; docs/regression/Audit03/full_off_profile_scope_final_v173_2026-10-03.txt; docs/regression/Audit03/full_on_profile_scope_final_v173_2026-10-03.txt","ActiveBehaviorAccepted:FullRangeReviewNotComplete","Представимый Double; допустимый диапазон дополнительно ограничен пересчетом INPUT -> внутренние единицы","910 случаев: 30 строк x семь полей, шесть путей обоих Search consumers, четыре профиля, повтор/обратный порядок/пропуски, optional blanks, CVErr/нечисловые и overflow значения. Это активное адресное поведение; все произвольные геометрии, масштабы нагрузок и взаимодействия Config не объявляются закрытыми.",
"rngLoadCombinations.Slot2.Mx, tf*m",,"rngLoadCombinations","Config!Q5","UserInput","Double","User load units / ID / path / profile / comment","N*mm","PendingCatalogMapping","Пустая ячейка -> 0; некорректный ввод не подменяется нулем","Ненулевая строка LC; полностью пустая и достоверно нулевая нагрузка пропускаются, source slot сохраняется","CLoadCombinationReader -> CUnitSystem -> реальные profiles/batch -> State/Capacity/Formation -> typed result comments/status -> CBatchResultWriter","Введенный Mx дает независимо проверенные величину и target состояния; физические Mx/Mxy/NMxy и fixed компоненты сверяются отдельно","modTestLoadTableConfig.RunAudit03LoadTableTests","docs/regression/Audit03/load_table_diagnostic_v143_2026-10-03.txt; docs/regression/Audit03/full_off_profile_scope_final_v173_2026-10-03.txt; docs/regression/Audit03/full_on_profile_scope_final_v173_2026-10-03.txt","ActiveBehaviorAccepted:FullRangeReviewNotComplete","Представимый Double; допустимый диапазон дополнительно ограничен пересчетом INPUT -> внутренние единицы","910 случаев: 30 строк x семь полей, шесть путей обоих Search consumers, четыре профиля, повтор/обратный порядок/пропуски, optional blanks, CVErr/нечисловые и overflow значения. Это активное адресное поведение; все произвольные геометрии, масштабы нагрузок и взаимодействия Config не объявляются закрытыми.",
"rngLoadCombinations.Slot2.My, tf*m",,"rngLoadCombinations","Config!R5","UserInput","Double","User load units / ID / path / profile / comment","N*mm","PendingCatalogMapping","Пустая ячейка -> 0; некорректный ввод не подменяется нулем","Ненулевая строка LC; полностью пустая и достоверно нулевая нагрузка пропускаются, source slot сохраняется","CLoadCombinationReader -> CUnitSystem -> реальные profiles/batch -> State/Capacity/Formation -> typed result comments/status -> CBatchResultWriter","Введенный My дает независимо проверенные величину и target состояния; физические My/Mxy/NMxy и fixed компоненты сверяются отдельно","modTestLoadTableConfig.RunAudit03LoadTableTests","docs/regression/Audit03/load_table_diagnostic_v143_2026-10-03.txt; docs/regression/Audit03/full_off_profile_scope_final_v173_2026-10-03.txt; docs/regression/Audit03/full_on_profile_scope_final_v173_2026-10-03.txt","ActiveBehaviorAccepted:FullRangeReviewNotComplete","Представимый Double; допустимый диапазон дополнительно ограничен пересчетом INPUT -> внутренние единицы","910 случаев: 30 строк x семь полей, шесть путей обоих Search consumers, четыре профиля, повтор/обратный порядок/пропуски, optional blanks, CVErr/нечисловые и overflow значения. Это активное адресное поведение; все произвольные геометрии, масштабы нагрузок и взаимодействия Config не объявляются закрытыми.",
"rngLoadCombinations.Slot2.ProfileId",,"rngLoadCombinations","Config!S5","UserInput","Enum","User load units / ID / path / profile / comment","-","PendingCatalogMapping","Обязательное поле ненулевой строки","Ненулевая строка LC; полностью пустая и достоверно нулевая нагрузка пропускаются, source slot сохраняется","CLoadCombinationReader -> CUnitSystem -> реальные profiles/batch -> State/Capacity/Formation -> typed result comments/status -> CBatchResultWriter","Все четыре реальные профиля читаются каталогом и назначаются конкретному LC; active Direct/Capacity/Crack реально исполняются","modTestLoadTableConfig.RunAudit03LoadTableTests","docs/regression/Audit03/load_table_diagnostic_v143_2026-10-03.txt; docs/regression/Audit03/full_off_profile_scope_final_v173_2026-10-03.txt; docs/regression/Audit03/full_on_profile_scope_final_v173_2026-10-03.txt","ActiveBehaviorAccepted:FullRangeReviewNotComplete","ID из реального CCalculationProfileCatalog; штатные PR1/PR2/PR3/PR4","910 случаев: 30 строк x семь полей, шесть путей обоих Search consumers, четыре профиля, повтор/обратный порядок/пропуски, optional blanks, CVErr/нечисловые и overflow значения. Это активное адресное поведение; все произвольные геометрии, масштабы нагрузок и взаимодействия Config не объявляются закрытыми.",
"rngLoadCombinations.Slot2.LoadPath",,"rngLoadCombinations","Config!T5","UserInput","Enum","User load units / ID / path / profile / comment","-","PendingCatalogMapping","Пустая ячейка -> Auto","Ненулевая строка LC; полностью пустая и достоверно нулевая нагрузка пропускаются, source slot сохраняется","CLoadCombinationReader -> CUnitSystem -> реальные profiles/batch -> State/Capacity/Formation -> typed result comments/status -> CBatchResultWriter","Все шесть путей реально используются Capacity/Formation; сохраненные физические точки сверены с независимым разложением N/Mx/My, без подмены fixed пути","modTestLoadTableConfig.RunAudit03LoadTableTests","docs/regression/Audit03/load_table_diagnostic_v143_2026-10-03.txt; docs/regression/Audit03/full_off_profile_scope_final_v173_2026-10-03.txt; docs/regression/Audit03/full_on_profile_scope_final_v173_2026-10-03.txt","ActiveBehaviorAccepted:FullRangeReviewNotComplete","Auto / LambdaMx / LambdaMy / LambdaMxy / LambdaN / LambdaNMxy и штатные display aliases","910 случаев: 30 строк x семь полей, шесть путей обоих Search consumers, четыре профиля, повтор/обратный порядок/пропуски, optional blanks, CVErr/нечисловые и overflow значения. Это активное адресное поведение; все произвольные геометрии, масштабы нагрузок и взаимодействия Config не объявляются закрытыми.",
"rngLoadCombinations.Slot2.Comment",,"rngLoadCombinations","Config!U5","UserInput","Text","User load units / ID / path / profile / comment","-","PendingCatalogMapping","Пустой пользовательский комментарий разрешен","Ненулевая строка LC; полностью пустая и достоверно нулевая нагрузка пропускаются, source slot сохраняется","CLoadCombinationReader -> CUnitSystem -> реальные profiles/batch -> State/Capacity/Formation -> typed result comments/status -> CBatchResultWriter","Комментарий сохраняется без смешивания с инженерным ResultComment и следует своей строке при перестановке/пропусках","modTestLoadTableConfig.RunAudit03LoadTableTests","docs/regression/Audit03/load_table_diagnostic_v143_2026-10-03.txt; docs/regression/Audit03/full_off_profile_scope_final_v173_2026-10-03.txt; docs/regression/Audit03/full_on_profile_scope_final_v173_2026-10-03.txt","ActiveBehaviorAccepted:FullRangeReviewNotComplete","Текст пользовательского комментария; пустое значение разрешено","910 случаев: 30 строк x семь полей, шесть путей обоих Search consumers, четыре профиля, повтор/обратный порядок/пропуски, optional blanks, CVErr/нечисловые и overflow значения. Это активное адресное поведение; все произвольные геометрии, масштабы нагрузок и взаимодействия Config не объявляются закрытыми.",
"rngLoadCombinations.Slot3.CombinationID",,"rngLoadCombinations","Config!O6","UserInput","Text","User load units / ID / path / profile / comment","-","PendingCatalogMapping","Обязательное поле ненулевой строки","Ненулевая строка LC; полностью пустая и достоверно нулевая нагрузка пропускаются, source slot сохраняется","CLoadCombinationReader -> CUnitSystem -> реальные profiles/batch -> State/Capacity/Formation -> typed result comments/status -> CBatchResultWriter","ID сохраняется в своей строке Results после повторного Execute, перестановки и пропусков строк","modTestLoadTableConfig.RunAudit03LoadTableTests","docs/regression/Audit03/load_table_diagnostic_v143_2026-10-03.txt; docs/regression/Audit03/full_off_profile_scope_final_v173_2026-10-03.txt; docs/regression/Audit03/full_on_profile_scope_final_v173_2026-10-03.txt","ActiveBehaviorAccepted:FullRangeReviewNotComplete","Непустой ID для ненулевой строки; идентичность определяется source slot, не числовой сортировкой ID","910 случаев: 30 строк x семь полей, шесть путей обоих Search consumers, четыре профиля, повтор/обратный порядок/пропуски, optional blanks, CVErr/нечисловые и overflow значения. Это активное адресное поведение; все произвольные геометрии, масштабы нагрузок и взаимодействия Config не объявляются закрытыми.",
"rngLoadCombinations.Slot3.N, tf",,"rngLoadCombinations","Config!P6","UserInput","Double","User load units / ID / path / profile / comment","N","PendingCatalogMapping","Пустая ячейка -> 0; некорректный ввод не подменяется нулем","Ненулевая строка LC; полностью пустая и достоверно нулевая нагрузка пропускаются, source slot сохраняется","CLoadCombinationReader -> CUnitSystem -> реальные profiles/batch -> State/Capacity/Formation -> typed result comments/status -> CBatchResultWriter","Введенная сила дает независимо проверенные внутренний знак, величину и target состояния; участвует в физическом LambdaN/NMxy","modTestLoadTableConfig.RunAudit03LoadTableTests","docs/regression/Audit03/load_table_diagnostic_v143_2026-10-03.txt; docs/regression/Audit03/full_off_profile_scope_final_v173_2026-10-03.txt; docs/regression/Audit03/full_on_profile_scope_final_v173_2026-10-03.txt","ActiveBehaviorAccepted:FullRangeReviewNotComplete","Представимый Double; допустимый диапазон дополнительно ограничен пересчетом INPUT -> внутренние единицы","910 случаев: 30 строк x семь полей, шесть путей обоих Search consumers, четыре профиля, повтор/обратный порядок/пропуски, optional blanks, CVErr/нечисловые и overflow значения. Это активное адресное поведение; все произвольные геометрии, масштабы нагрузок и взаимодействия Config не объявляются закрытыми.",
"rngLoadCombinations.Slot3.Mx, tf*m",,"rngLoadCombinations","Config!Q6","UserInput","Double","User load units / ID / path / profile / comment","N*mm","PendingCatalogMapping","Пустая ячейка -> 0; некорректный ввод не подменяется нулем","Ненулевая строка LC; полностью пустая и достоверно нулевая нагрузка пропускаются, source slot сохраняется","CLoadCombinationReader -> CUnitSystem -> реальные profiles/batch -> State/Capacity/Formation -> typed result comments/status -> CBatchResultWriter","Введенный Mx дает независимо проверенные величину и target состояния; физические Mx/Mxy/NMxy и fixed компоненты сверяются отдельно","modTestLoadTableConfig.RunAudit03LoadTableTests","docs/regression/Audit03/load_table_diagnostic_v143_2026-10-03.txt; docs/regression/Audit03/full_off_profile_scope_final_v173_2026-10-03.txt; docs/regression/Audit03/full_on_profile_scope_final_v173_2026-10-03.txt","ActiveBehaviorAccepted:FullRangeReviewNotComplete","Представимый Double; допустимый диапазон дополнительно ограничен пересчетом INPUT -> внутренние единицы","910 случаев: 30 строк x семь полей, шесть путей обоих Search consumers, четыре профиля, повтор/обратный порядок/пропуски, optional blanks, CVErr/нечисловые и overflow значения. Это активное адресное поведение; все произвольные геометрии, масштабы нагрузок и взаимодействия Config не объявляются закрытыми.",
"rngLoadCombinations.Slot3.My, tf*m",,"rngLoadCombinations","Config!R6","UserInput","Double","User load units / ID / path / profile / comment","N*mm","PendingCatalogMapping","Пустая ячейка -> 0; некорректный ввод не подменяется нулем","Ненулевая строка LC; полностью пустая и достоверно нулевая нагрузка пропускаются, source slot сохраняется","CLoadCombinationReader -> CUnitSystem -> реальные profiles/batch -> State/Capacity/Formation -> typed result comments/status -> CBatchResultWriter","Введенный My дает независимо проверенные величину и target состояния; физические My/Mxy/NMxy и fixed компоненты сверяются отдельно","modTestLoadTableConfig.RunAudit03LoadTableTests","docs/regression/Audit03/load_table_diagnostic_v143_2026-10-03.txt; docs/regression/Audit03/full_off_profile_scope_final_v173_2026-10-03.txt; docs/regression/Audit03/full_on_profile_scope_final_v173_2026-10-03.txt","ActiveBehaviorAccepted:FullRangeReviewNotComplete","Представимый Double; допустимый диапазон дополнительно ограничен пересчетом INPUT -> внутренние единицы","910 случаев: 30 строк x семь полей, шесть путей обоих Search consumers, четыре профиля, повтор/обратный порядок/пропуски, optional blanks, CVErr/нечисловые и overflow значения. Это активное адресное поведение; все произвольные геометрии, масштабы нагрузок и взаимодействия Config не объявляются закрытыми.",
"rngLoadCombinations.Slot3.ProfileId",,"rngLoadCombinations","Config!S6","UserInput","Enum","User load units / ID / path / profile / comment","-","PendingCatalogMapping","Обязательное поле ненулевой строки","Ненулевая строка LC; полностью пустая и достоверно нулевая нагрузка пропускаются, source slot сохраняется","CLoadCombinationReader -> CUnitSystem -> реальные profiles/batch -> State/Capacity/Formation -> typed result comments/status -> CBatchResultWriter","Все четыре реальные профиля читаются каталогом и назначаются конкретному LC; active Direct/Capacity/Crack реально исполняются","modTestLoadTableConfig.RunAudit03LoadTableTests","docs/regression/Audit03/load_table_diagnostic_v143_2026-10-03.txt; docs/regression/Audit03/full_off_profile_scope_final_v173_2026-10-03.txt; docs/regression/Audit03/full_on_profile_scope_final_v173_2026-10-03.txt","ActiveBehaviorAccepted:FullRangeReviewNotComplete","ID из реального CCalculationProfileCatalog; штатные PR1/PR2/PR3/PR4","910 случаев: 30 строк x семь полей, шесть путей обоих Search consumers, четыре профиля, повтор/обратный порядок/пропуски, optional blanks, CVErr/нечисловые и overflow значения. Это активное адресное поведение; все произвольные геометрии, масштабы нагрузок и взаимодействия Config не объявляются закрытыми.",
"rngLoadCombinations.Slot3.LoadPath",,"rngLoadCombinations","Config!T6","UserInput","Enum","User load units / ID / path / profile / comment","-","PendingCatalogMapping","Пустая ячейка -> Auto","Ненулевая строка LC; полностью пустая и достоверно нулевая нагрузка пропускаются, source slot сохраняется","CLoadCombinationReader -> CUnitSystem -> реальные profiles/batch -> State/Capacity/Formation -> typed result comments/status -> CBatchResultWriter","Все шесть путей реально используются Capacity/Formation; сохраненные физические точки сверены с независимым разложением N/Mx/My, без подмены fixed пути","modTestLoadTableConfig.RunAudit03LoadTableTests","docs/regression/Audit03/load_table_diagnostic_v143_2026-10-03.txt; docs/regression/Audit03/full_off_profile_scope_final_v173_2026-10-03.txt; docs/regression/Audit03/full_on_profile_scope_final_v173_2026-10-03.txt","ActiveBehaviorAccepted:FullRangeReviewNotComplete","Auto / LambdaMx / LambdaMy / LambdaMxy / LambdaN / LambdaNMxy и штатные display aliases","910 случаев: 30 строк x семь полей, шесть путей обоих Search consumers, четыре профиля, повтор/обратный порядок/пропуски, optional blanks, CVErr/нечисловые и overflow значения. Это активное адресное поведение; все произвольные геометрии, масштабы нагрузок и взаимодействия Config не объявляются закрытыми.",
"rngLoadCombinations.Slot3.Comment",,"rngLoadCombinations","Config!U6","UserInput","Text","User load units / ID / path / profile / comment","-","PendingCatalogMapping","Пустой пользовательский комментарий разрешен","Ненулевая строка LC; полностью пустая и достоверно нулевая нагрузка пропускаются, source slot сохраняется","CLoadCombinationReader -> CUnitSystem -> реальные profiles/batch -> State/Capacity/Formation -> typed result comments/status -> CBatchResultWriter","Комментарий сохраняется без смешивания с инженерным ResultComment и следует своей строке при перестановке/пропусках","modTestLoadTableConfig.RunAudit03LoadTableTests","docs/regression/Audit03/load_table_diagnostic_v143_2026-10-03.txt; docs/regression/Audit03/full_off_profile_scope_final_v173_2026-10-03.txt; docs/regression/Audit03/full_on_profile_scope_final_v173_2026-10-03.txt","ActiveBehaviorAccepted:FullRangeReviewNotComplete","Текст пользовательского комментария; пустое значение разрешено","910 случаев: 30 строк x семь полей, шесть путей обоих Search consumers, четыре профиля, повтор/обратный порядок/пропуски, optional blanks, CVErr/нечисловые и overflow значения. Это активное адресное поведение; все произвольные геометрии, масштабы нагрузок и взаимодействия Config не объявляются закрытыми.",
"rngLoadCombinations.Slot4.CombinationID",,"rngLoadCombinations","Config!O7","UserInput","Text","User load units / ID / path / profile / comment","-","PendingCatalogMapping","Обязательное поле ненулевой строки","Ненулевая строка LC; полностью пустая и достоверно нулевая нагрузка пропускаются, source slot сохраняется","CLoadCombinationReader -> CUnitSystem -> реальные profiles/batch -> State/Capacity/Formation -> typed result comments/status -> CBatchResultWriter","ID сохраняется в своей строке Results после повторного Execute, перестановки и пропусков строк","modTestLoadTableConfig.RunAudit03LoadTableTests","docs/regression/Audit03/load_table_diagnostic_v143_2026-10-03.txt; docs/regression/Audit03/full_off_profile_scope_final_v173_2026-10-03.txt; docs/regression/Audit03/full_on_profile_scope_final_v173_2026-10-03.txt","ActiveBehaviorAccepted:FullRangeReviewNotComplete","Непустой ID для ненулевой строки; идентичность определяется source slot, не числовой сортировкой ID","910 случаев: 30 строк x семь полей, шесть путей обоих Search consumers, четыре профиля, повтор/обратный порядок/пропуски, optional blanks, CVErr/нечисловые и overflow значения. Это активное адресное поведение; все произвольные геометрии, масштабы нагрузок и взаимодействия Config не объявляются закрытыми.",
"rngLoadCombinations.Slot4.N, tf",,"rngLoadCombinations","Config!P7","UserInput","Double","User load units / ID / path / profile / comment","N","PendingCatalogMapping","Пустая ячейка -> 0; некорректный ввод не подменяется нулем","Ненулевая строка LC; полностью пустая и достоверно нулевая нагрузка пропускаются, source slot сохраняется","CLoadCombinationReader -> CUnitSystem -> реальные profiles/batch -> State/Capacity/Formation -> typed result comments/status -> CBatchResultWriter","Введенная сила дает независимо проверенные внутренний знак, величину и target состояния; участвует в физическом LambdaN/NMxy","modTestLoadTableConfig.RunAudit03LoadTableTests","docs/regression/Audit03/load_table_diagnostic_v143_2026-10-03.txt; docs/regression/Audit03/full_off_profile_scope_final_v173_2026-10-03.txt; docs/regression/Audit03/full_on_profile_scope_final_v173_2026-10-03.txt","ActiveBehaviorAccepted:FullRangeReviewNotComplete","Представимый Double; допустимый диапазон дополнительно ограничен пересчетом INPUT -> внутренние единицы","910 случаев: 30 строк x семь полей, шесть путей обоих Search consumers, четыре профиля, повтор/обратный порядок/пропуски, optional blanks, CVErr/нечисловые и overflow значения. Это активное адресное поведение; все произвольные геометрии, масштабы нагрузок и взаимодействия Config не объявляются закрытыми.",
"rngLoadCombinations.Slot4.Mx, tf*m",,"rngLoadCombinations","Config!Q7","UserInput","Double","User load units / ID / path / profile / comment","N*mm","PendingCatalogMapping","Пустая ячейка -> 0; некорректный ввод не подменяется нулем","Ненулевая строка LC; полностью пустая и достоверно нулевая нагрузка пропускаются, source slot сохраняется","CLoadCombinationReader -> CUnitSystem -> реальные profiles/batch -> State/Capacity/Formation -> typed result comments/status -> CBatchResultWriter","Введенный Mx дает независимо проверенные величину и target состояния; физические Mx/Mxy/NMxy и fixed компоненты сверяются отдельно","modTestLoadTableConfig.RunAudit03LoadTableTests","docs/regression/Audit03/load_table_diagnostic_v143_2026-10-03.txt; docs/regression/Audit03/full_off_profile_scope_final_v173_2026-10-03.txt; docs/regression/Audit03/full_on_profile_scope_final_v173_2026-10-03.txt","ActiveBehaviorAccepted:FullRangeReviewNotComplete","Представимый Double; допустимый диапазон дополнительно ограничен пересчетом INPUT -> внутренние единицы","910 случаев: 30 строк x семь полей, шесть путей обоих Search consumers, четыре профиля, повтор/обратный порядок/пропуски, optional blanks, CVErr/нечисловые и overflow значения. Это активное адресное поведение; все произвольные геометрии, масштабы нагрузок и взаимодействия Config не объявляются закрытыми.",
"rngLoadCombinations.Slot4.My, tf*m",,"rngLoadCombinations","Config!R7","UserInput","Double","User load units / ID / path / profile / comment","N*mm","PendingCatalogMapping","Пустая ячейка -> 0; некорректный ввод не подменяется нулем","Ненулевая строка LC; полностью пустая и достоверно нулевая нагрузка пропускаются, source slot сохраняется","CLoadCombinationReader -> CUnitSystem -> реальные profiles/batch -> State/Capacity/Formation -> typed result comments/status -> CBatchResultWriter","Введенный My дает независимо проверенные величину и target состояния; физические My/Mxy/NMxy и fixed компоненты сверяются отдельно","modTestLoadTableConfig.RunAudit03LoadTableTests","docs/regression/Audit03/load_table_diagnostic_v143_2026-10-03.txt; docs/regression/Audit03/full_off_profile_scope_final_v173_2026-10-03.txt; docs/regression/Audit03/full_on_profile_scope_final_v173_2026-10-03.txt","ActiveBehaviorAccepted:FullRangeReviewNotComplete","Представимый Double; допустимый диапазон дополнительно ограничен пересчетом INPUT -> внутренние единицы","910 случаев: 30 строк x семь полей, шесть путей обоих Search consumers, четыре профиля, повтор/обратный порядок/пропуски, optional blanks, CVErr/нечисловые и overflow значения. Это активное адресное поведение; все произвольные геометрии, масштабы нагрузок и взаимодействия Config не объявляются закрытыми.",
"rngLoadCombinations.Slot4.ProfileId",,"rngLoadCombinations","Config!S7","UserInput","Enum","User load units / ID / path / profile / comment","-","PendingCatalogMapping","Обязательное поле ненулевой строки","Ненулевая строка LC; полностью пустая и достоверно нулевая нагрузка пропускаются, source slot сохраняется","CLoadCombinationReader -> CUnitSystem -> реальные profiles/batch -> State/Capacity/Formation -> typed result comments/status -> CBatchResultWriter","Все четыре реальные профиля читаются каталогом и назначаются конкретному LC; active Direct/Capacity/Crack реально исполняются","modTestLoadTableConfig.RunAudit03LoadTableTests","docs/regression/Audit03/load_table_diagnostic_v143_2026-10-03.txt; docs/regression/Audit03/full_off_profile_scope_final_v173_2026-10-03.txt; docs/regression/Audit03/full_on_profile_scope_final_v173_2026-10-03.txt","ActiveBehaviorAccepted:FullRangeReviewNotComplete","ID из реального CCalculationProfileCatalog; штатные PR1/PR2/PR3/PR4","910 случаев: 30 строк x семь полей, шесть путей обоих Search consumers, четыре профиля, повтор/обратный порядок/пропуски, optional blanks, CVErr/нечисловые и overflow значения. Это активное адресное поведение; все произвольные геометрии, масштабы нагрузок и взаимодействия Config не объявляются закрытыми.",
"rngLoadCombinations.Slot4.LoadPath",,"rngLoadCombinations","Config!T7","UserInput","Enum","User load units / ID / path / profile / comment","-","PendingCatalogMapping","Пустая ячейка -> Auto","Ненулевая строка LC; полностью пустая и достоверно нулевая нагрузка пропускаются, source slot сохраняется","CLoadCombinationReader -> CUnitSystem -> реальные profiles/batch -> State/Capacity/Formation -> typed result comments/status -> CBatchResultWriter","Все шесть путей реально используются Capacity/Formation; сохраненные физические точки сверены с независимым разложением N/Mx/My, без подмены fixed пути","modTestLoadTableConfig.RunAudit03LoadTableTests","docs/regression/Audit03/load_table_diagnostic_v143_2026-10-03.txt; docs/regression/Audit03/full_off_profile_scope_final_v173_2026-10-03.txt; docs/regression/Audit03/full_on_profile_scope_final_v173_2026-10-03.txt","ActiveBehaviorAccepted:FullRangeReviewNotComplete","Auto / LambdaMx / LambdaMy / LambdaMxy / LambdaN / LambdaNMxy и штатные display aliases","910 случаев: 30 строк x семь полей, шесть путей обоих Search consumers, четыре профиля, повтор/обратный порядок/пропуски, optional blanks, CVErr/нечисловые и overflow значения. Это активное адресное поведение; все произвольные геометрии, масштабы нагрузок и взаимодействия Config не объявляются закрытыми.",
"rngLoadCombinations.Slot4.Comment",,"rngLoadCombinations","Config!U7","UserInput","Text","User load units / ID / path / profile / comment","-","PendingCatalogMapping","Пустой пользовательский комментарий разрешен","Ненулевая строка LC; полностью пустая и достоверно нулевая нагрузка пропускаются, source slot сохраняется","CLoadCombinationReader -> CUnitSystem -> реальные profiles/batch -> State/Capacity/Formation -> typed result comments/status -> CBatchResultWriter","Комментарий сохраняется без смешивания с инженерным ResultComment и следует своей строке при перестановке/пропусках","modTestLoadTableConfig.RunAudit03LoadTableTests","docs/regression/Audit03/load_table_diagnostic_v143_2026-10-03.txt; docs/regression/Audit03/full_off_profile_scope_final_v173_2026-10-03.txt; docs/regression/Audit03/full_on_profile_scope_final_v173_2026-10-03.txt","ActiveBehaviorAccepted:FullRangeReviewNotComplete","Текст пользовательского комментария; пустое значение разрешено","910 случаев: 30 строк x семь полей, шесть путей обоих Search consumers, четыре профиля, повтор/обратный порядок/пропуски, optional blanks, CVErr/нечисловые и overflow значения. Это активное адресное поведение; все произвольные геометрии, масштабы нагрузок и взаимодействия Config не объявляются закрытыми.",
"rngLoadCombinations.Slot5.CombinationID",,"rngLoadCombinations","Config!O8","UserInput","Text","User load units / ID / path / profile / comment","-","PendingCatalogMapping","Обязательное поле ненулевой строки","Ненулевая строка LC; полностью пустая и достоверно нулевая нагрузка пропускаются, source slot сохраняется","CLoadCombinationReader -> CUnitSystem -> реальные profiles/batch -> State/Capacity/Formation -> typed result comments/status -> CBatchResultWriter","ID сохраняется в своей строке Results после повторного Execute, перестановки и пропусков строк","modTestLoadTableConfig.RunAudit03LoadTableTests","docs/regression/Audit03/load_table_diagnostic_v143_2026-10-03.txt; docs/regression/Audit03/full_off_profile_scope_final_v173_2026-10-03.txt; docs/regression/Audit03/full_on_profile_scope_final_v173_2026-10-03.txt","ActiveBehaviorAccepted:FullRangeReviewNotComplete","Непустой ID для ненулевой строки; идентичность определяется source slot, не числовой сортировкой ID","910 случаев: 30 строк x семь полей, шесть путей обоих Search consumers, четыре профиля, повтор/обратный порядок/пропуски, optional blanks, CVErr/нечисловые и overflow значения. Это активное адресное поведение; все произвольные геометрии, масштабы нагрузок и взаимодействия Config не объявляются закрытыми.",
"rngLoadCombinations.Slot5.N, tf",,"rngLoadCombinations","Config!P8","UserInput","Double","User load units / ID / path / profile / comment","N","PendingCatalogMapping","Пустая ячейка -> 0; некорректный ввод не подменяется нулем","Ненулевая строка LC; полностью пустая и достоверно нулевая нагрузка пропускаются, source slot сохраняется","CLoadCombinationReader -> CUnitSystem -> реальные profiles/batch -> State/Capacity/Formation -> typed result comments/status -> CBatchResultWriter","Введенная сила дает независимо проверенные внутренний знак, величину и target состояния; участвует в физическом LambdaN/NMxy","modTestLoadTableConfig.RunAudit03LoadTableTests","docs/regression/Audit03/load_table_diagnostic_v143_2026-10-03.txt; docs/regression/Audit03/full_off_profile_scope_final_v173_2026-10-03.txt; docs/regression/Audit03/full_on_profile_scope_final_v173_2026-10-03.txt","ActiveBehaviorAccepted:FullRangeReviewNotComplete","Представимый Double; допустимый диапазон дополнительно ограничен пересчетом INPUT -> внутренние единицы","910 случаев: 30 строк x семь полей, шесть путей обоих Search consumers, четыре профиля, повтор/обратный порядок/пропуски, optional blanks, CVErr/нечисловые и overflow значения. Это активное адресное поведение; все произвольные геометрии, масштабы нагрузок и взаимодействия Config не объявляются закрытыми.",
"rngLoadCombinations.Slot5.Mx, tf*m",,"rngLoadCombinations","Config!Q8","UserInput","Double","User load units / ID / path / profile / comment","N*mm","PendingCatalogMapping","Пустая ячейка -> 0; некорректный ввод не подменяется нулем","Ненулевая строка LC; полностью пустая и достоверно нулевая нагрузка пропускаются, source slot сохраняется","CLoadCombinationReader -> CUnitSystem -> реальные profiles/batch -> State/Capacity/Formation -> typed result comments/status -> CBatchResultWriter","Введенный Mx дает независимо проверенные величину и target состояния; физические Mx/Mxy/NMxy и fixed компоненты сверяются отдельно","modTestLoadTableConfig.RunAudit03LoadTableTests","docs/regression/Audit03/load_table_diagnostic_v143_2026-10-03.txt; docs/regression/Audit03/full_off_profile_scope_final_v173_2026-10-03.txt; docs/regression/Audit03/full_on_profile_scope_final_v173_2026-10-03.txt","ActiveBehaviorAccepted:FullRangeReviewNotComplete","Представимый Double; допустимый диапазон дополнительно ограничен пересчетом INPUT -> внутренние единицы","910 случаев: 30 строк x семь полей, шесть путей обоих Search consumers, четыре профиля, повтор/обратный порядок/пропуски, optional blanks, CVErr/нечисловые и overflow значения. Это активное адресное поведение; все произвольные геометрии, масштабы нагрузок и взаимодействия Config не объявляются закрытыми.",
"rngLoadCombinations.Slot5.My, tf*m",,"rngLoadCombinations","Config!R8","UserInput","Double","User load units / ID / path / profile / comment","N*mm","PendingCatalogMapping","Пустая ячейка -> 0; некорректный ввод не подменяется нулем","Ненулевая строка LC; полностью пустая и достоверно нулевая нагрузка пропускаются, source slot сохраняется","CLoadCombinationReader -> CUnitSystem -> реальные profiles/batch -> State/Capacity/Formation -> typed result comments/status -> CBatchResultWriter","Введенный My дает независимо проверенные величину и target состояния; физические My/Mxy/NMxy и fixed компоненты сверяются отдельно","modTestLoadTableConfig.RunAudit03LoadTableTests","docs/regression/Audit03/load_table_diagnostic_v143_2026-10-03.txt; docs/regression/Audit03/full_off_profile_scope_final_v173_2026-10-03.txt; docs/regression/Audit03/full_on_profile_scope_final_v173_2026-10-03.txt","ActiveBehaviorAccepted:FullRangeReviewNotComplete","Представимый Double; допустимый диапазон дополнительно ограничен пересчетом INPUT -> внутренние единицы","910 случаев: 30 строк x семь полей, шесть путей обоих Search consumers, четыре профиля, повтор/обратный порядок/пропуски, optional blanks, CVErr/нечисловые и overflow значения. Это активное адресное поведение; все произвольные геометрии, масштабы нагрузок и взаимодействия Config не объявляются закрытыми.",
"rngLoadCombinations.Slot5.ProfileId",,"rngLoadCombinations","Config!S8","UserInput","Enum","User load units / ID / path / profile / comment","-","PendingCatalogMapping","Обязательное поле ненулевой строки","Ненулевая строка LC; полностью пустая и достоверно нулевая нагрузка пропускаются, source slot сохраняется","CLoadCombinationReader -> CUnitSystem -> реальные profiles/batch -> State/Capacity/Formation -> typed result comments/status -> CBatchResultWriter","Все четыре реальные профиля читаются каталогом и назначаются конкретному LC; active Direct/Capacity/Crack реально исполняются","modTestLoadTableConfig.RunAudit03LoadTableTests","docs/regression/Audit03/load_table_diagnostic_v143_2026-10-03.txt; docs/regression/Audit03/full_off_profile_scope_final_v173_2026-10-03.txt; docs/regression/Audit03/full_on_profile_scope_final_v173_2026-10-03.txt","ActiveBehaviorAccepted:FullRangeReviewNotComplete","ID из реального CCalculationProfileCatalog; штатные PR1/PR2/PR3/PR4","910 случаев: 30 строк x семь полей, шесть путей обоих Search consumers, четыре профиля, повтор/обратный порядок/пропуски, optional blanks, CVErr/нечисловые и overflow значения. Это активное адресное поведение; все произвольные геометрии, масштабы нагрузок и взаимодействия Config не объявляются закрытыми.",
"rngLoadCombinations.Slot5.LoadPath",,"rngLoadCombinations","Config!T8","UserInput","Enum","User load units / ID / path / profile / comment","-","PendingCatalogMapping","Пустая ячейка -> Auto","Ненулевая строка LC; полностью пустая и достоверно нулевая нагрузка пропускаются, source slot сохраняется","CLoadCombinationReader -> CUnitSystem -> реальные profiles/batch -> State/Capacity/Formation -> typed result comments/status -> CBatchResultWriter","Все шесть путей реально используются Capacity/Formation; сохраненные физические точки сверены с независимым разложением N/Mx/My, без подмены fixed пути","modTestLoadTableConfig.RunAudit03LoadTableTests","docs/regression/Audit03/load_table_diagnostic_v143_2026-10-03.txt; docs/regression/Audit03/full_off_profile_scope_final_v173_2026-10-03.txt; docs/regression/Audit03/full_on_profile_scope_final_v173_2026-10-03.txt","ActiveBehaviorAccepted:FullRangeReviewNotComplete","Auto / LambdaMx / LambdaMy / LambdaMxy / LambdaN / LambdaNMxy и штатные display aliases","910 случаев: 30 строк x семь полей, шесть путей обоих Search consumers, четыре профиля, повтор/обратный порядок/пропуски, optional blanks, CVErr/нечисловые и overflow значения. Это активное адресное поведение; все произвольные геометрии, масштабы нагрузок и взаимодействия Config не объявляются закрытыми.",
"rngLoadCombinations.Slot5.Comment",,"rngLoadCombinations","Config!U8","UserInput","Text","User load units / ID / path / profile / comment","-","PendingCatalogMapping","Пустой пользовательский комментарий разрешен","Ненулевая строка LC; полностью пустая и достоверно нулевая нагрузка пропускаются, source slot сохраняется","CLoadCombinationReader -> CUnitSystem -> реальные profiles/batch -> State/Capacity/Formation -> typed result comments/status -> CBatchResultWriter","Комментарий сохраняется без смешивания с инженерным ResultComment и следует своей строке при перестановке/пропусках","modTestLoadTableConfig.RunAudit03LoadTableTests","docs/regression/Audit03/load_table_diagnostic_v143_2026-10-03.txt; docs/regression/Audit03/full_off_profile_scope_final_v173_2026-10-03.txt; docs/regression/Audit03/full_on_profile_scope_final_v173_2026-10-03.txt","ActiveBehaviorAccepted:FullRangeReviewNotComplete","Текст пользовательского комментария; пустое значение разрешено","910 случаев: 30 строк x семь полей, шесть путей обоих Search consumers, четыре профиля, повтор/обратный порядок/пропуски, optional blanks, CVErr/нечисловые и overflow значения. Это активное адресное поведение; все произвольные геометрии, масштабы нагрузок и взаимодействия Config не объявляются закрытыми.",
"rngLoadCombinations.Slot6.CombinationID",,"rngLoadCombinations","Config!O9","UserInput","Text","User load units / ID / path / profile / comment","-","PendingCatalogMapping","Обязательное поле ненулевой строки","Ненулевая строка LC; полностью пустая и достоверно нулевая нагрузка пропускаются, source slot сохраняется","CLoadCombinationReader -> CUnitSystem -> реальные profiles/batch -> State/Capacity/Formation -> typed result comments/status -> CBatchResultWriter","ID сохраняется в своей строке Results после повторного Execute, перестановки и пропусков строк","modTestLoadTableConfig.RunAudit03LoadTableTests","docs/regression/Audit03/load_table_diagnostic_v143_2026-10-03.txt; docs/regression/Audit03/full_off_profile_scope_final_v173_2026-10-03.txt; docs/regression/Audit03/full_on_profile_scope_final_v173_2026-10-03.txt","ActiveBehaviorAccepted:FullRangeReviewNotComplete","Непустой ID для ненулевой строки; идентичность определяется source slot, не числовой сортировкой ID","910 случаев: 30 строк x семь полей, шесть путей обоих Search consumers, четыре профиля, повтор/обратный порядок/пропуски, optional blanks, CVErr/нечисловые и overflow значения. Это активное адресное поведение; все произвольные геометрии, масштабы нагрузок и взаимодействия Config не объявляются закрытыми.",
"rngLoadCombinations.Slot6.N, tf",,"rngLoadCombinations","Config!P9","UserInput","Double","User load units / ID / path / profile / comment","N","PendingCatalogMapping","Пустая ячейка -> 0; некорректный ввод не подменяется нулем","Ненулевая строка LC; полностью пустая и достоверно нулевая нагрузка пропускаются, source slot сохраняется","CLoadCombinationReader -> CUnitSystem -> реальные profiles/batch -> State/Capacity/Formation -> typed result comments/status -> CBatchResultWriter","Введенная сила дает независимо проверенные внутренний знак, величину и target состояния; участвует в физическом LambdaN/NMxy","modTestLoadTableConfig.RunAudit03LoadTableTests","docs/regression/Audit03/load_table_diagnostic_v143_2026-10-03.txt; docs/regression/Audit03/full_off_profile_scope_final_v173_2026-10-03.txt; docs/regression/Audit03/full_on_profile_scope_final_v173_2026-10-03.txt","ActiveBehaviorAccepted:FullRangeReviewNotComplete","Представимый Double; допустимый диапазон дополнительно ограничен пересчетом INPUT -> внутренние единицы","910 случаев: 30 строк x семь полей, шесть путей обоих Search consumers, четыре профиля, повтор/обратный порядок/пропуски, optional blanks, CVErr/нечисловые и overflow значения. Это активное адресное поведение; все произвольные геометрии, масштабы нагрузок и взаимодействия Config не объявляются закрытыми.",
"rngLoadCombinations.Slot6.Mx, tf*m",,"rngLoadCombinations","Config!Q9","UserInput","Double","User load units / ID / path / profile / comment","N*mm","PendingCatalogMapping","Пустая ячейка -> 0; некорректный ввод не подменяется нулем","Ненулевая строка LC; полностью пустая и достоверно нулевая нагрузка пропускаются, source slot сохраняется","CLoadCombinationReader -> CUnitSystem -> реальные profiles/batch -> State/Capacity/Formation -> typed result comments/status -> CBatchResultWriter","Введенный Mx дает независимо проверенные величину и target состояния; физические Mx/Mxy/NMxy и fixed компоненты сверяются отдельно","modTestLoadTableConfig.RunAudit03LoadTableTests","docs/regression/Audit03/load_table_diagnostic_v143_2026-10-03.txt; docs/regression/Audit03/full_off_profile_scope_final_v173_2026-10-03.txt; docs/regression/Audit03/full_on_profile_scope_final_v173_2026-10-03.txt","ActiveBehaviorAccepted:FullRangeReviewNotComplete","Представимый Double; допустимый диапазон дополнительно ограничен пересчетом INPUT -> внутренние единицы","910 случаев: 30 строк x семь полей, шесть путей обоих Search consumers, четыре профиля, повтор/обратный порядок/пропуски, optional blanks, CVErr/нечисловые и overflow значения. Это активное адресное поведение; все произвольные геометрии, масштабы нагрузок и взаимодействия Config не объявляются закрытыми.",
"rngLoadCombinations.Slot6.My, tf*m",,"rngLoadCombinations","Config!R9","UserInput","Double","User load units / ID / path / profile / comment","N*mm","PendingCatalogMapping","Пустая ячейка -> 0; некорректный ввод не подменяется нулем","Ненулевая строка LC; полностью пустая и достоверно нулевая нагрузка пропускаются, source slot сохраняется","CLoadCombinationReader -> CUnitSystem -> реальные profiles/batch -> State/Capacity/Formation -> typed result comments/status -> CBatchResultWriter","Введенный My дает независимо проверенные величину и target состояния; физические My/Mxy/NMxy и fixed компоненты сверяются отдельно","modTestLoadTableConfig.RunAudit03LoadTableTests","docs/regression/Audit03/load_table_diagnostic_v143_2026-10-03.txt; docs/regression/Audit03/full_off_profile_scope_final_v173_2026-10-03.txt; docs/regression/Audit03/full_on_profile_scope_final_v173_2026-10-03.txt","ActiveBehaviorAccepted:FullRangeReviewNotComplete","Представимый Double; допустимый диапазон дополнительно ограничен пересчетом INPUT -> внутренние единицы","910 случаев: 30 строк x семь полей, шесть путей обоих Search consumers, четыре профиля, повтор/обратный порядок/пропуски, optional blanks, CVErr/нечисловые и overflow значения. Это активное адресное поведение; все произвольные геометрии, масштабы нагрузок и взаимодействия Config не объявляются закрытыми.",
"rngLoadCombinations.Slot6.ProfileId",,"rngLoadCombinations","Config!S9","UserInput","Enum","User load units / ID / path / profile / comment","-","PendingCatalogMapping","Обязательное поле ненулевой строки","Ненулевая строка LC; полностью пустая и достоверно нулевая нагрузка пропускаются, source slot сохраняется","CLoadCombinationReader -> CUnitSystem -> реальные profiles/batch -> State/Capacity/Formation -> typed result comments/status -> CBatchResultWriter","Все четыре реальные профиля читаются каталогом и назначаются конкретному LC; active Direct/Capacity/Crack реально исполняются","modTestLoadTableConfig.RunAudit03LoadTableTests","docs/regression/Audit03/load_table_diagnostic_v143_2026-10-03.txt; docs/regression/Audit03/full_off_profile_scope_final_v173_2026-10-03.txt; docs/regression/Audit03/full_on_profile_scope_final_v173_2026-10-03.txt","ActiveBehaviorAccepted:FullRangeReviewNotComplete","ID из реального CCalculationProfileCatalog; штатные PR1/PR2/PR3/PR4","910 случаев: 30 строк x семь полей, шесть путей обоих Search consumers, четыре профиля, повтор/обратный порядок/пропуски, optional blanks, CVErr/нечисловые и overflow значения. Это активное адресное поведение; все произвольные геометрии, масштабы нагрузок и взаимодействия Config не объявляются закрытыми.",
"rngLoadCombinations.Slot6.LoadPath",,"rngLoadCombinations","Config!T9","UserInput","Enum","User load units / ID / path / profile / comment","-","PendingCatalogMapping","Пустая ячейка -> Auto","Ненулевая строка LC; полностью пустая и достоверно нулевая нагрузка пропускаются, source slot сохраняется","CLoadCombinationReader -> CUnitSystem -> реальные profiles/batch -> State/Capacity/Formation -> typed result comments/status -> CBatchResultWriter","Все шесть путей реально используются Capacity/Formation; сохраненные физические точки сверены с независимым разложением N/Mx/My, без подмены fixed пути","modTestLoadTableConfig.RunAudit03LoadTableTests","docs/regression/Audit03/load_table_diagnostic_v143_2026-10-03.txt; docs/regression/Audit03/full_off_profile_scope_final_v173_2026-10-03.txt; docs/regression/Audit03/full_on_profile_scope_final_v173_2026-10-03.txt","ActiveBehaviorAccepted:FullRangeReviewNotComplete","Auto / LambdaMx / LambdaMy / LambdaMxy / LambdaN / LambdaNMxy и штатные display aliases","910 случаев: 30 строк x семь полей, шесть путей обоих Search consumers, четыре профиля, повтор/обратный порядок/пропуски, optional blanks, CVErr/нечисловые и overflow значения. Это активное адресное поведение; все произвольные геометрии, масштабы нагрузок и взаимодействия Config не объявляются закрытыми.",
"rngLoadCombinations.Slot6.Comment",,"rngLoadCombinations","Config!U9","UserInput","Text","User load units / ID / path / profile / comment","-","PendingCatalogMapping","Пустой пользовательский комментарий разрешен","Ненулевая строка LC; полностью пустая и достоверно нулевая нагрузка пропускаются, source slot сохраняется","CLoadCombinationReader -> CUnitSystem -> реальные profiles/batch -> State/Capacity/Formation -> typed result comments/status -> CBatchResultWriter","Комментарий сохраняется без смешивания с инженерным ResultComment и следует своей строке при перестановке/пропусках","modTestLoadTableConfig.RunAudit03LoadTableTests","docs/regression/Audit03/load_table_diagnostic_v143_2026-10-03.txt; docs/regression/Audit03/full_off_profile_scope_final_v173_2026-10-03.txt; docs/regression/Audit03/full_on_profile_scope_final_v173_2026-10-03.txt","ActiveBehaviorAccepted:FullRangeReviewNotComplete","Текст пользовательского комментария; пустое значение разрешено","910 случаев: 30 строк x семь полей, шесть путей обоих Search consumers, четыре профиля, повтор/обратный порядок/пропуски, optional blanks, CVErr/нечисловые и overflow значения. Это активное адресное поведение; все произвольные геометрии, масштабы нагрузок и взаимодействия Config не объявляются закрытыми.",
"rngLoadCombinations.Slot7.CombinationID",,"rngLoadCombinations","Config!O10","UserInput","Text","User load units / ID / path / profile / comment","-","PendingCatalogMapping","Обязательное поле ненулевой строки","Ненулевая строка LC; полностью пустая и достоверно нулевая нагрузка пропускаются, source slot сохраняется","CLoadCombinationReader -> CUnitSystem -> реальные profiles/batch -> State/Capacity/Formation -> typed result comments/status -> CBatchResultWriter","ID сохраняется в своей строке Results после повторного Execute, перестановки и пропусков строк","modTestLoadTableConfig.RunAudit03LoadTableTests","docs/regression/Audit03/load_table_diagnostic_v143_2026-10-03.txt; docs/regression/Audit03/full_off_profile_scope_final_v173_2026-10-03.txt; docs/regression/Audit03/full_on_profile_scope_final_v173_2026-10-03.txt","ActiveBehaviorAccepted:FullRangeReviewNotComplete","Непустой ID для ненулевой строки; идентичность определяется source slot, не числовой сортировкой ID","910 случаев: 30 строк x семь полей, шесть путей обоих Search consumers, четыре профиля, повтор/обратный порядок/пропуски, optional blanks, CVErr/нечисловые и overflow значения. Это активное адресное поведение; все произвольные геометрии, масштабы нагрузок и взаимодействия Config не объявляются закрытыми.",
"rngLoadCombinations.Slot7.N, tf",,"rngLoadCombinations","Config!P10","UserInput","Double","User load units / ID / path / profile / comment","N","PendingCatalogMapping","Пустая ячейка -> 0; некорректный ввод не подменяется нулем","Ненулевая строка LC; полностью пустая и достоверно нулевая нагрузка пропускаются, source slot сохраняется","CLoadCombinationReader -> CUnitSystem -> реальные profiles/batch -> State/Capacity/Formation -> typed result comments/status -> CBatchResultWriter","Введенная сила дает независимо проверенные внутренний знак, величину и target состояния; участвует в физическом LambdaN/NMxy","modTestLoadTableConfig.RunAudit03LoadTableTests","docs/regression/Audit03/load_table_diagnostic_v143_2026-10-03.txt; docs/regression/Audit03/full_off_profile_scope_final_v173_2026-10-03.txt; docs/regression/Audit03/full_on_profile_scope_final_v173_2026-10-03.txt","ActiveBehaviorAccepted:FullRangeReviewNotComplete","Представимый Double; допустимый диапазон дополнительно ограничен пересчетом INPUT -> внутренние единицы","910 случаев: 30 строк x семь полей, шесть путей обоих Search consumers, четыре профиля, повтор/обратный порядок/пропуски, optional blanks, CVErr/нечисловые и overflow значения. Это активное адресное поведение; все произвольные геометрии, масштабы нагрузок и взаимодействия Config не объявляются закрытыми.",
"rngLoadCombinations.Slot7.Mx, tf*m",,"rngLoadCombinations","Config!Q10","UserInput","Double","User load units / ID / path / profile / comment","N*mm","PendingCatalogMapping","Пустая ячейка -> 0; некорректный ввод не подменяется нулем","Ненулевая строка LC; полностью пустая и достоверно нулевая нагрузка пропускаются, source slot сохраняется","CLoadCombinationReader -> CUnitSystem -> реальные profiles/batch -> State/Capacity/Formation -> typed result comments/status -> CBatchResultWriter","Введенный Mx дает независимо проверенные величину и target состояния; физические Mx/Mxy/NMxy и fixed компоненты сверяются отдельно","modTestLoadTableConfig.RunAudit03LoadTableTests","docs/regression/Audit03/load_table_diagnostic_v143_2026-10-03.txt; docs/regression/Audit03/full_off_profile_scope_final_v173_2026-10-03.txt; docs/regression/Audit03/full_on_profile_scope_final_v173_2026-10-03.txt","ActiveBehaviorAccepted:FullRangeReviewNotComplete","Представимый Double; допустимый диапазон дополнительно ограничен пересчетом INPUT -> внутренние единицы","910 случаев: 30 строк x семь полей, шесть путей обоих Search consumers, четыре профиля, повтор/обратный порядок/пропуски, optional blanks, CVErr/нечисловые и overflow значения. Это активное адресное поведение; все произвольные геометрии, масштабы нагрузок и взаимодействия Config не объявляются закрытыми.",
"rngLoadCombinations.Slot7.My, tf*m",,"rngLoadCombinations","Config!R10","UserInput","Double","User load units / ID / path / profile / comment","N*mm","PendingCatalogMapping","Пустая ячейка -> 0; некорректный ввод не подменяется нулем","Ненулевая строка LC; полностью пустая и достоверно нулевая нагрузка пропускаются, source slot сохраняется","CLoadCombinationReader -> CUnitSystem -> реальные profiles/batch -> State/Capacity/Formation -> typed result comments/status -> CBatchResultWriter","Введенный My дает независимо проверенные величину и target состояния; физические My/Mxy/NMxy и fixed компоненты сверяются отдельно","modTestLoadTableConfig.RunAudit03LoadTableTests","docs/regression/Audit03/load_table_diagnostic_v143_2026-10-03.txt; docs/regression/Audit03/full_off_profile_scope_final_v173_2026-10-03.txt; docs/regression/Audit03/full_on_profile_scope_final_v173_2026-10-03.txt","ActiveBehaviorAccepted:FullRangeReviewNotComplete","Представимый Double; допустимый диапазон дополнительно ограничен пересчетом INPUT -> внутренние единицы","910 случаев: 30 строк x семь полей, шесть путей обоих Search consumers, четыре профиля, повтор/обратный порядок/пропуски, optional blanks, CVErr/нечисловые и overflow значения. Это активное адресное поведение; все произвольные геометрии, масштабы нагрузок и взаимодействия Config не объявляются закрытыми.",
"rngLoadCombinations.Slot7.ProfileId",,"rngLoadCombinations","Config!S10","UserInput","Enum","User load units / ID / path / profile / comment","-","PendingCatalogMapping","Обязательное поле ненулевой строки","Ненулевая строка LC; полностью пустая и достоверно нулевая нагрузка пропускаются, source slot сохраняется","CLoadCombinationReader -> CUnitSystem -> реальные profiles/batch -> State/Capacity/Formation -> typed result comments/status -> CBatchResultWriter","Все четыре реальные профиля читаются каталогом и назначаются конкретному LC; active Direct/Capacity/Crack реально исполняются","modTestLoadTableConfig.RunAudit03LoadTableTests","docs/regression/Audit03/load_table_diagnostic_v143_2026-10-03.txt; docs/regression/Audit03/full_off_profile_scope_final_v173_2026-10-03.txt; docs/regression/Audit03/full_on_profile_scope_final_v173_2026-10-03.txt","ActiveBehaviorAccepted:FullRangeReviewNotComplete","ID из реального CCalculationProfileCatalog; штатные PR1/PR2/PR3/PR4","910 случаев: 30 строк x семь полей, шесть путей обоих Search consumers, четыре профиля, повтор/обратный порядок/пропуски, optional blanks, CVErr/нечисловые и overflow значения. Это активное адресное поведение; все произвольные геометрии, масштабы нагрузок и взаимодействия Config не объявляются закрытыми.",
"rngLoadCombinations.Slot7.LoadPath",,"rngLoadCombinations","Config!T10","UserInput","Enum","User load units / ID / path / profile / comment","-","PendingCatalogMapping","Пустая ячейка -> Auto","Ненулевая строка LC; полностью пустая и достоверно нулевая нагрузка пропускаются, source slot сохраняется","CLoadCombinationReader -> CUnitSystem -> реальные profiles/batch -> State/Capacity/Formation -> typed result comments/status -> CBatchResultWriter","Все шесть путей реально используются Capacity/Formation; сохраненные физические точки сверены с независимым разложением N/Mx/My, без подмены fixed пути","modTestLoadTableConfig.RunAudit03LoadTableTests","docs/regression/Audit03/load_table_diagnostic_v143_2026-10-03.txt; docs/regression/Audit03/full_off_profile_scope_final_v173_2026-10-03.txt; docs/regression/Audit03/full_on_profile_scope_final_v173_2026-10-03.txt","ActiveBehaviorAccepted:FullRangeReviewNotComplete","Auto / LambdaMx / LambdaMy / LambdaMxy / LambdaN / LambdaNMxy и штатные display aliases","910 случаев: 30 строк x семь полей, шесть путей обоих Search consumers, четыре профиля, повтор/обратный порядок/пропуски, optional blanks, CVErr/нечисловые и overflow значения. Это активное адресное поведение; все произвольные геометрии, масштабы нагрузок и взаимодействия Config не объявляются закрытыми.",
"rngLoadCombinations.Slot7.Comment",,"rngLoadCombinations","Config!U10","UserInput","Text","User load units / ID / path / profile / comment","-","PendingCatalogMapping","Пустой пользовательский комментарий разрешен","Ненулевая строка LC; полностью пустая и достоверно нулевая нагрузка пропускаются, source slot сохраняется","CLoadCombinationReader -> CUnitSystem -> реальные profiles/batch -> State/Capacity/Formation -> typed result comments/status -> CBatchResultWriter","Комментарий сохраняется без смешивания с инженерным ResultComment и следует своей строке при перестановке/пропусках","modTestLoadTableConfig.RunAudit03LoadTableTests","docs/regression/Audit03/load_table_diagnostic_v143_2026-10-03.txt; docs/regression/Audit03/full_off_profile_scope_final_v173_2026-10-03.txt; docs/regression/Audit03/full_on_profile_scope_final_v173_2026-10-03.txt","ActiveBehaviorAccepted:FullRangeReviewNotComplete","Текст пользовательского комментария; пустое значение разрешено","910 случаев: 30 строк x семь полей, шесть путей обоих Search consumers, четыре профиля, повтор/обратный порядок/пропуски, optional blanks, CVErr/нечисловые и overflow значения. Это активное адресное поведение; все произвольные геометрии, масштабы нагрузок и взаимодействия Config не объявляются закрытыми.",
"rngLoadCombinations.Slot8.CombinationID",,"rngLoadCombinations","Config!O11","UserInput","Text","User load units / ID / path / profile / comment","-","PendingCatalogMapping","Обязательное поле ненулевой строки","Ненулевая строка LC; полностью пустая и достоверно нулевая нагрузка пропускаются, source slot сохраняется","CLoadCombinationReader -> CUnitSystem -> реальные profiles/batch -> State/Capacity/Formation -> typed result comments/status -> CBatchResultWriter","ID сохраняется в своей строке Results после повторного Execute, перестановки и пропусков строк","modTestLoadTableConfig.RunAudit03LoadTableTests","docs/regression/Audit03/load_table_diagnostic_v143_2026-10-03.txt; docs/regression/Audit03/full_off_profile_scope_final_v173_2026-10-03.txt; docs/regression/Audit03/full_on_profile_scope_final_v173_2026-10-03.txt","ActiveBehaviorAccepted:FullRangeReviewNotComplete","Непустой ID для ненулевой строки; идентичность определяется source slot, не числовой сортировкой ID","910 случаев: 30 строк x семь полей, шесть путей обоих Search consumers, четыре профиля, повтор/обратный порядок/пропуски, optional blanks, CVErr/нечисловые и overflow значения. Это активное адресное поведение; все произвольные геометрии, масштабы нагрузок и взаимодействия Config не объявляются закрытыми.",
"rngLoadCombinations.Slot8.N, tf",,"rngLoadCombinations","Config!P11","UserInput","Double","User load units / ID / path / profile / comment","N","PendingCatalogMapping","Пустая ячейка -> 0; некорректный ввод не подменяется нулем","Ненулевая строка LC; полностью пустая и достоверно нулевая нагрузка пропускаются, source slot сохраняется","CLoadCombinationReader -> CUnitSystem -> реальные profiles/batch -> State/Capacity/Formation -> typed result comments/status -> CBatchResultWriter","Введенная сила дает независимо проверенные внутренний знак, величину и target состояния; участвует в физическом LambdaN/NMxy","modTestLoadTableConfig.RunAudit03LoadTableTests","docs/regression/Audit03/load_table_diagnostic_v143_2026-10-03.txt; docs/regression/Audit03/full_off_profile_scope_final_v173_2026-10-03.txt; docs/regression/Audit03/full_on_profile_scope_final_v173_2026-10-03.txt","ActiveBehaviorAccepted:FullRangeReviewNotComplete","Представимый Double; допустимый диапазон дополнительно ограничен пересчетом INPUT -> внутренние единицы","910 случаев: 30 строк x семь полей, шесть путей обоих Search consumers, четыре профиля, повтор/обратный порядок/пропуски, optional blanks, CVErr/нечисловые и overflow значения. Это активное адресное поведение; все произвольные геометрии, масштабы нагрузок и взаимодействия Config не объявляются закрытыми.",
"rngLoadCombinations.Slot8.Mx, tf*m",,"rngLoadCombinations","Config!Q11","UserInput","Double","User load units / ID / path / profile / comment","N*mm","PendingCatalogMapping","Пустая ячейка -> 0; некорректный ввод не подменяется нулем","Ненулевая строка LC; полностью пустая и достоверно нулевая нагрузка пропускаются, source slot сохраняется","CLoadCombinationReader -> CUnitSystem -> реальные profiles/batch -> State/Capacity/Formation -> typed result comments/status -> CBatchResultWriter","Введенный Mx дает независимо проверенные величину и target состояния; физические Mx/Mxy/NMxy и fixed компоненты сверяются отдельно","modTestLoadTableConfig.RunAudit03LoadTableTests","docs/regression/Audit03/load_table_diagnostic_v143_2026-10-03.txt; docs/regression/Audit03/full_off_profile_scope_final_v173_2026-10-03.txt; docs/regression/Audit03/full_on_profile_scope_final_v173_2026-10-03.txt","ActiveBehaviorAccepted:FullRangeReviewNotComplete","Представимый Double; допустимый диапазон дополнительно ограничен пересчетом INPUT -> внутренние единицы","910 случаев: 30 строк x семь полей, шесть путей обоих Search consumers, четыре профиля, повтор/обратный порядок/пропуски, optional blanks, CVErr/нечисловые и overflow значения. Это активное адресное поведение; все произвольные геометрии, масштабы нагрузок и взаимодействия Config не объявляются закрытыми.",
"rngLoadCombinations.Slot8.My, tf*m",,"rngLoadCombinations","Config!R11","UserInput","Double","User load units / ID / path / profile / comment","N*mm","PendingCatalogMapping","Пустая ячейка -> 0; некорректный ввод не подменяется нулем","Ненулевая строка LC; полностью пустая и достоверно нулевая нагрузка пропускаются, source slot сохраняется","CLoadCombinationReader -> CUnitSystem -> реальные profiles/batch -> State/Capacity/Formation -> typed result comments/status -> CBatchResultWriter","Введенный My дает независимо проверенные величину и target состояния; физические My/Mxy/NMxy и fixed компоненты сверяются отдельно","modTestLoadTableConfig.RunAudit03LoadTableTests","docs/regression/Audit03/load_table_diagnostic_v143_2026-10-03.txt; docs/regression/Audit03/full_off_profile_scope_final_v173_2026-10-03.txt; docs/regression/Audit03/full_on_profile_scope_final_v173_2026-10-03.txt","ActiveBehaviorAccepted:FullRangeReviewNotComplete","Представимый Double; допустимый диапазон дополнительно ограничен пересчетом INPUT -> внутренние единицы","910 случаев: 30 строк x семь полей, шесть путей обоих Search consumers, четыре профиля, повтор/обратный порядок/пропуски, optional blanks, CVErr/нечисловые и overflow значения. Это активное адресное поведение; все произвольные геометрии, масштабы нагрузок и взаимодействия Config не объявляются закрытыми.",
"rngLoadCombinations.Slot8.ProfileId",,"rngLoadCombinations","Config!S11","UserInput","Enum","User load units / ID / path / profile / comment","-","PendingCatalogMapping","Обязательное поле ненулевой строки","Ненулевая строка LC; полностью пустая и достоверно нулевая нагрузка пропускаются, source slot сохраняется","CLoadCombinationReader -> CUnitSystem -> реальные profiles/batch -> State/Capacity/Formation -> typed result comments/status -> CBatchResultWriter","Все четыре реальные профиля читаются каталогом и назначаются конкретному LC; active Direct/Capacity/Crack реально исполняются","modTestLoadTableConfig.RunAudit03LoadTableTests","docs/regression/Audit03/load_table_diagnostic_v143_2026-10-03.txt; docs/regression/Audit03/full_off_profile_scope_final_v173_2026-10-03.txt; docs/regression/Audit03/full_on_profile_scope_final_v173_2026-10-03.txt","ActiveBehaviorAccepted:FullRangeReviewNotComplete","ID из реального CCalculationProfileCatalog; штатные PR1/PR2/PR3/PR4","910 случаев: 30 строк x семь полей, шесть путей обоих Search consumers, четыре профиля, повтор/обратный порядок/пропуски, optional blanks, CVErr/нечисловые и overflow значения. Это активное адресное поведение; все произвольные геометрии, масштабы нагрузок и взаимодействия Config не объявляются закрытыми.",
"rngLoadCombinations.Slot8.LoadPath",,"rngLoadCombinations","Config!T11","UserInput","Enum","User load units / ID / path / profile / comment","-","PendingCatalogMapping","Пустая ячейка -> Auto","Ненулевая строка LC; полностью пустая и достоверно нулевая нагрузка пропускаются, source slot сохраняется","CLoadCombinationReader -> CUnitSystem -> реальные profiles/batch -> State/Capacity/Formation -> typed result comments/status -> CBatchResultWriter","Все шесть путей реально используются Capacity/Formation; сохраненные физические точки сверены с независимым разложением N/Mx/My, без подмены fixed пути","modTestLoadTableConfig.RunAudit03LoadTableTests","docs/regression/Audit03/load_table_diagnostic_v143_2026-10-03.txt; docs/regression/Audit03/full_off_profile_scope_final_v173_2026-10-03.txt; docs/regression/Audit03/full_on_profile_scope_final_v173_2026-10-03.txt","ActiveBehaviorAccepted:FullRangeReviewNotComplete","Auto / LambdaMx / LambdaMy / LambdaMxy / LambdaN / LambdaNMxy и штатные display aliases","910 случаев: 30 строк x семь полей, шесть путей обоих Search consumers, четыре профиля, повтор/обратный порядок/пропуски, optional blanks, CVErr/нечисловые и overflow значения. Это активное адресное поведение; все произвольные геометрии, масштабы нагрузок и взаимодействия Config не объявляются закрытыми.",
"rngLoadCombinations.Slot8.Comment",,"rngLoadCombinations","Config!U11","UserInput","Text","User load units / ID / path / profile / comment","-","PendingCatalogMapping","Пустой пользовательский комментарий разрешен","Ненулевая строка LC; полностью пустая и достоверно нулевая нагрузка пропускаются, source slot сохраняется","CLoadCombinationReader -> CUnitSystem -> реальные profiles/batch -> State/Capacity/Formation -> typed result comments/status -> CBatchResultWriter","Комментарий сохраняется без смешивания с инженерным ResultComment и следует своей строке при перестановке/пропусках","modTestLoadTableConfig.RunAudit03LoadTableTests","docs/regression/Audit03/load_table_diagnostic_v143_2026-10-03.txt; docs/regression/Audit03/full_off_profile_scope_final_v173_2026-10-03.txt; docs/regression/Audit03/full_on_profile_scope_final_v173_2026-10-03.txt","ActiveBehaviorAccepted:FullRangeReviewNotComplete","Текст пользовательского комментария; пустое значение разрешено","910 случаев: 30 строк x семь полей, шесть путей обоих Search consumers, четыре профиля, повтор/обратный порядок/пропуски, optional blanks, CVErr/нечисловые и overflow значения. Это активное адресное поведение; все произвольные геометрии, масштабы нагрузок и взаимодействия Config не объявляются закрытыми.",
"rngLoadCombinations.Slot9.CombinationID",,"rngLoadCombinations","Config!O12","UserInput","Text","User load units / ID / path / profile / comment","-","PendingCatalogMapping","Обязательное поле ненулевой строки","Ненулевая строка LC; полностью пустая и достоверно нулевая нагрузка пропускаются, source slot сохраняется","CLoadCombinationReader -> CUnitSystem -> реальные profiles/batch -> State/Capacity/Formation -> typed result comments/status -> CBatchResultWriter","ID сохраняется в своей строке Results после повторного Execute, перестановки и пропусков строк","modTestLoadTableConfig.RunAudit03LoadTableTests","docs/regression/Audit03/load_table_diagnostic_v143_2026-10-03.txt; docs/regression/Audit03/full_off_profile_scope_final_v173_2026-10-03.txt; docs/regression/Audit03/full_on_profile_scope_final_v173_2026-10-03.txt","ActiveBehaviorAccepted:FullRangeReviewNotComplete","Непустой ID для ненулевой строки; идентичность определяется source slot, не числовой сортировкой ID","910 случаев: 30 строк x семь полей, шесть путей обоих Search consumers, четыре профиля, повтор/обратный порядок/пропуски, optional blanks, CVErr/нечисловые и overflow значения. Это активное адресное поведение; все произвольные геометрии, масштабы нагрузок и взаимодействия Config не объявляются закрытыми.",
"rngLoadCombinations.Slot9.N, tf",,"rngLoadCombinations","Config!P12","UserInput","Double","User load units / ID / path / profile / comment","N","PendingCatalogMapping","Пустая ячейка -> 0; некорректный ввод не подменяется нулем","Ненулевая строка LC; полностью пустая и достоверно нулевая нагрузка пропускаются, source slot сохраняется","CLoadCombinationReader -> CUnitSystem -> реальные profiles/batch -> State/Capacity/Formation -> typed result comments/status -> CBatchResultWriter","Введенная сила дает независимо проверенные внутренний знак, величину и target состояния; участвует в физическом LambdaN/NMxy","modTestLoadTableConfig.RunAudit03LoadTableTests","docs/regression/Audit03/load_table_diagnostic_v143_2026-10-03.txt; docs/regression/Audit03/full_off_profile_scope_final_v173_2026-10-03.txt; docs/regression/Audit03/full_on_profile_scope_final_v173_2026-10-03.txt","ActiveBehaviorAccepted:FullRangeReviewNotComplete","Представимый Double; допустимый диапазон дополнительно ограничен пересчетом INPUT -> внутренние единицы","910 случаев: 30 строк x семь полей, шесть путей обоих Search consumers, четыре профиля, повтор/обратный порядок/пропуски, optional blanks, CVErr/нечисловые и overflow значения. Это активное адресное поведение; все произвольные геометрии, масштабы нагрузок и взаимодействия Config не объявляются закрытыми.",
"rngLoadCombinations.Slot9.Mx, tf*m",,"rngLoadCombinations","Config!Q12","UserInput","Double","User load units / ID / path / profile / comment","N*mm","PendingCatalogMapping","Пустая ячейка -> 0; некорректный ввод не подменяется нулем","Ненулевая строка LC; полностью пустая и достоверно нулевая нагрузка пропускаются, source slot сохраняется","CLoadCombinationReader -> CUnitSystem -> реальные profiles/batch -> State/Capacity/Formation -> typed result comments/status -> CBatchResultWriter","Введенный Mx дает независимо проверенные величину и target состояния; физические Mx/Mxy/NMxy и fixed компоненты сверяются отдельно","modTestLoadTableConfig.RunAudit03LoadTableTests","docs/regression/Audit03/load_table_diagnostic_v143_2026-10-03.txt; docs/regression/Audit03/full_off_profile_scope_final_v173_2026-10-03.txt; docs/regression/Audit03/full_on_profile_scope_final_v173_2026-10-03.txt","ActiveBehaviorAccepted:FullRangeReviewNotComplete","Представимый Double; допустимый диапазон дополнительно ограничен пересчетом INPUT -> внутренние единицы","910 случаев: 30 строк x семь полей, шесть путей обоих Search consumers, четыре профиля, повтор/обратный порядок/пропуски, optional blanks, CVErr/нечисловые и overflow значения. Это активное адресное поведение; все произвольные геометрии, масштабы нагрузок и взаимодействия Config не объявляются закрытыми.",
"rngLoadCombinations.Slot9.My, tf*m",,"rngLoadCombinations","Config!R12","UserInput","Double","User load units / ID / path / profile / comment","N*mm","PendingCatalogMapping","Пустая ячейка -> 0; некорректный ввод не подменяется нулем","Ненулевая строка LC; полностью пустая и достоверно нулевая нагрузка пропускаются, source slot сохраняется","CLoadCombinationReader -> CUnitSystem -> реальные profiles/batch -> State/Capacity/Formation -> typed result comments/status -> CBatchResultWriter","Введенный My дает независимо проверенные величину и target состояния; физические My/Mxy/NMxy и fixed компоненты сверяются отдельно","modTestLoadTableConfig.RunAudit03LoadTableTests","docs/regression/Audit03/load_table_diagnostic_v143_2026-10-03.txt; docs/regression/Audit03/full_off_profile_scope_final_v173_2026-10-03.txt; docs/regression/Audit03/full_on_profile_scope_final_v173_2026-10-03.txt","ActiveBehaviorAccepted:FullRangeReviewNotComplete","Представимый Double; допустимый диапазон дополнительно ограничен пересчетом INPUT -> внутренние единицы","910 случаев: 30 строк x семь полей, шесть путей обоих Search consumers, четыре профиля, повтор/обратный порядок/пропуски, optional blanks, CVErr/нечисловые и overflow значения. Это активное адресное поведение; все произвольные геометрии, масштабы нагрузок и взаимодействия Config не объявляются закрытыми.",
"rngLoadCombinations.Slot9.ProfileId",,"rngLoadCombinations","Config!S12","UserInput","Enum","User load units / ID / path / profile / comment","-","PendingCatalogMapping","Обязательное поле ненулевой строки","Ненулевая строка LC; полностью пустая и достоверно нулевая нагрузка пропускаются, source slot сохраняется","CLoadCombinationReader -> CUnitSystem -> реальные profiles/batch -> State/Capacity/Formation -> typed result comments/status -> CBatchResultWriter","Все четыре реальные профиля читаются каталогом и назначаются конкретному LC; active Direct/Capacity/Crack реально исполняются","modTestLoadTableConfig.RunAudit03LoadTableTests","docs/regression/Audit03/load_table_diagnostic_v143_2026-10-03.txt; docs/regression/Audit03/full_off_profile_scope_final_v173_2026-10-03.txt; docs/regression/Audit03/full_on_profile_scope_final_v173_2026-10-03.txt","ActiveBehaviorAccepted:FullRangeReviewNotComplete","ID из реального CCalculationProfileCatalog; штатные PR1/PR2/PR3/PR4","910 случаев: 30 строк x семь полей, шесть путей обоих Search consumers, четыре профиля, повтор/обратный порядок/пропуски, optional blanks, CVErr/нечисловые и overflow значения. Это активное адресное поведение; все произвольные геометрии, масштабы нагрузок и взаимодействия Config не объявляются закрытыми.",
"rngLoadCombinations.Slot9.LoadPath",,"rngLoadCombinations","Config!T12","UserInput","Enum","User load units / ID / path / profile / comment","-","PendingCatalogMapping","Пустая ячейка -> Auto","Ненулевая строка LC; полностью пустая и достоверно нулевая нагрузка пропускаются, source slot сохраняется","CLoadCombinationReader -> CUnitSystem -> реальные profiles/batch -> State/Capacity/Formation -> typed result comments/status -> CBatchResultWriter","Все шесть путей реально используются Capacity/Formation; сохраненные физические точки сверены с независимым разложением N/Mx/My, без подмены fixed пути","modTestLoadTableConfig.RunAudit03LoadTableTests","docs/regression/Audit03/load_table_diagnostic_v143_2026-10-03.txt; docs/regression/Audit03/full_off_profile_scope_final_v173_2026-10-03.txt; docs/regression/Audit03/full_on_profile_scope_final_v173_2026-10-03.txt","ActiveBehaviorAccepted:FullRangeReviewNotComplete","Auto / LambdaMx / LambdaMy / LambdaMxy / LambdaN / LambdaNMxy и штатные display aliases","910 случаев: 30 строк x семь полей, шесть путей обоих Search consumers, четыре профиля, повтор/обратный порядок/пропуски, optional blanks, CVErr/нечисловые и overflow значения. Это активное адресное поведение; все произвольные геометрии, масштабы нагрузок и взаимодействия Config не объявляются закрытыми.",
"rngLoadCombinations.Slot9.Comment",,"rngLoadCombinations","Config!U12","UserInput","Text","User load units / ID / path / profile / comment","-","PendingCatalogMapping","Пустой пользовательский комментарий разрешен","Ненулевая строка LC; полностью пустая и достоверно нулевая нагрузка пропускаются, source slot сохраняется","CLoadCombinationReader -> CUnitSystem -> реальные profiles/batch -> State/Capacity/Formation -> typed result comments/status -> CBatchResultWriter","Комментарий сохраняется без смешивания с инженерным ResultComment и следует своей строке при перестановке/пропусках","modTestLoadTableConfig.RunAudit03LoadTableTests","docs/regression/Audit03/load_table_diagnostic_v143_2026-10-03.txt; docs/regression/Audit03/full_off_profile_scope_final_v173_2026-10-03.txt; docs/regression/Audit03/full_on_profile_scope_final_v173_2026-10-03.txt","ActiveBehaviorAccepted:FullRangeReviewNotComplete","Текст пользовательского комментария; пустое значение разрешено","910 случаев: 30 строк x семь полей, шесть путей обоих Search consumers, четыре профиля, повтор/обратный порядок/пропуски, optional blanks, CVErr/нечисловые и overflow значения. Это активное адресное поведение; все произвольные геометрии, масштабы нагрузок и взаимодействия Config не объявляются закрытыми.",
"rngLoadCombinations.Slot10.CombinationID",,"rngLoadCombinations","Config!O13","UserInput","Text","User load units / ID / path / profile / comment","-","PendingCatalogMapping","Обязательное поле ненулевой строки","Ненулевая строка LC; полностью пустая и достоверно нулевая нагрузка пропускаются, source slot сохраняется","CLoadCombinationReader -> CUnitSystem -> реальные profiles/batch -> State/Capacity/Formation -> typed result comments/status -> CBatchResultWriter","ID сохраняется в своей строке Results после повторного Execute, перестановки и пропусков строк","modTestLoadTableConfig.RunAudit03LoadTableTests","docs/regression/Audit03/load_table_diagnostic_v143_2026-10-03.txt; docs/regression/Audit03/full_off_profile_scope_final_v173_2026-10-03.txt; docs/regression/Audit03/full_on_profile_scope_final_v173_2026-10-03.txt","ActiveBehaviorAccepted:FullRangeReviewNotComplete","Непустой ID для ненулевой строки; идентичность определяется source slot, не числовой сортировкой ID","910 случаев: 30 строк x семь полей, шесть путей обоих Search consumers, четыре профиля, повтор/обратный порядок/пропуски, optional blanks, CVErr/нечисловые и overflow значения. Это активное адресное поведение; все произвольные геометрии, масштабы нагрузок и взаимодействия Config не объявляются закрытыми.",
"rngLoadCombinations.Slot10.N, tf",,"rngLoadCombinations","Config!P13","UserInput","Double","User load units / ID / path / profile / comment","N","PendingCatalogMapping","Пустая ячейка -> 0; некорректный ввод не подменяется нулем","Ненулевая строка LC; полностью пустая и достоверно нулевая нагрузка пропускаются, source slot сохраняется","CLoadCombinationReader -> CUnitSystem -> реальные profiles/batch -> State/Capacity/Formation -> typed result comments/status -> CBatchResultWriter","Введенная сила дает независимо проверенные внутренний знак, величину и target состояния; участвует в физическом LambdaN/NMxy","modTestLoadTableConfig.RunAudit03LoadTableTests","docs/regression/Audit03/load_table_diagnostic_v143_2026-10-03.txt; docs/regression/Audit03/full_off_profile_scope_final_v173_2026-10-03.txt; docs/regression/Audit03/full_on_profile_scope_final_v173_2026-10-03.txt","ActiveBehaviorAccepted:FullRangeReviewNotComplete","Представимый Double; допустимый диапазон дополнительно ограничен пересчетом INPUT -> внутренние единицы","910 случаев: 30 строк x семь полей, шесть путей обоих Search consumers, четыре профиля, повтор/обратный порядок/пропуски, optional blanks, CVErr/нечисловые и overflow значения. Это активное адресное поведение; все произвольные геометрии, масштабы нагрузок и взаимодействия Config не объявляются закрытыми.",
"rngLoadCombinations.Slot10.Mx, tf*m",,"rngLoadCombinations","Config!Q13","UserInput","Double","User load units / ID / path / profile / comment","N*mm","PendingCatalogMapping","Пустая ячейка -> 0; некорректный ввод не подменяется нулем","Ненулевая строка LC; полностью пустая и достоверно нулевая нагрузка пропускаются, source slot сохраняется","CLoadCombinationReader -> CUnitSystem -> реальные profiles/batch -> State/Capacity/Formation -> typed result comments/status -> CBatchResultWriter","Введенный Mx дает независимо проверенные величину и target состояния; физические Mx/Mxy/NMxy и fixed компоненты сверяются отдельно","modTestLoadTableConfig.RunAudit03LoadTableTests","docs/regression/Audit03/load_table_diagnostic_v143_2026-10-03.txt; docs/regression/Audit03/full_off_profile_scope_final_v173_2026-10-03.txt; docs/regression/Audit03/full_on_profile_scope_final_v173_2026-10-03.txt","ActiveBehaviorAccepted:FullRangeReviewNotComplete","Представимый Double; допустимый диапазон дополнительно ограничен пересчетом INPUT -> внутренние единицы","910 случаев: 30 строк x семь полей, шесть путей обоих Search consumers, четыре профиля, повтор/обратный порядок/пропуски, optional blanks, CVErr/нечисловые и overflow значения. Это активное адресное поведение; все произвольные геометрии, масштабы нагрузок и взаимодействия Config не объявляются закрытыми.",
"rngLoadCombinations.Slot10.My, tf*m",,"rngLoadCombinations","Config!R13","UserInput","Double","User load units / ID / path / profile / comment","N*mm","PendingCatalogMapping","Пустая ячейка -> 0; некорректный ввод не подменяется нулем","Ненулевая строка LC; полностью пустая и достоверно нулевая нагрузка пропускаются, source slot сохраняется","CLoadCombinationReader -> CUnitSystem -> реальные profiles/batch -> State/Capacity/Formation -> typed result comments/status -> CBatchResultWriter","Введенный My дает независимо проверенные величину и target состояния; физические My/Mxy/NMxy и fixed компоненты сверяются отдельно","modTestLoadTableConfig.RunAudit03LoadTableTests","docs/regression/Audit03/load_table_diagnostic_v143_2026-10-03.txt; docs/regression/Audit03/full_off_profile_scope_final_v173_2026-10-03.txt; docs/regression/Audit03/full_on_profile_scope_final_v173_2026-10-03.txt","ActiveBehaviorAccepted:FullRangeReviewNotComplete","Представимый Double; допустимый диапазон дополнительно ограничен пересчетом INPUT -> внутренние единицы","910 случаев: 30 строк x семь полей, шесть путей обоих Search consumers, четыре профиля, повтор/обратный порядок/пропуски, optional blanks, CVErr/нечисловые и overflow значения. Это активное адресное поведение; все произвольные геометрии, масштабы нагрузок и взаимодействия Config не объявляются закрытыми.",
"rngLoadCombinations.Slot10.ProfileId",,"rngLoadCombinations","Config!S13","UserInput","Enum","User load units / ID / path / profile / comment","-","PendingCatalogMapping","Обязательное поле ненулевой строки","Ненулевая строка LC; полностью пустая и достоверно нулевая нагрузка пропускаются, source slot сохраняется","CLoadCombinationReader -> CUnitSystem -> реальные profiles/batch -> State/Capacity/Formation -> typed result comments/status -> CBatchResultWriter","Все четыре реальные профиля читаются каталогом и назначаются конкретному LC; active Direct/Capacity/Crack реально исполняются","modTestLoadTableConfig.RunAudit03LoadTableTests","docs/regression/Audit03/load_table_diagnostic_v143_2026-10-03.txt; docs/regression/Audit03/full_off_profile_scope_final_v173_2026-10-03.txt; docs/regression/Audit03/full_on_profile_scope_final_v173_2026-10-03.txt","ActiveBehaviorAccepted:FullRangeReviewNotComplete","ID из реального CCalculationProfileCatalog; штатные PR1/PR2/PR3/PR4","910 случаев: 30 строк x семь полей, шесть путей обоих Search consumers, четыре профиля, повтор/обратный порядок/пропуски, optional blanks, CVErr/нечисловые и overflow значения. Это активное адресное поведение; все произвольные геометрии, масштабы нагрузок и взаимодействия Config не объявляются закрытыми.",
"rngLoadCombinations.Slot10.LoadPath",,"rngLoadCombinations","Config!T13","UserInput","Enum","User load units / ID / path / profile / comment","-","PendingCatalogMapping","Пустая ячейка -> Auto","Ненулевая строка LC; полностью пустая и достоверно нулевая нагрузка пропускаются, source slot сохраняется","CLoadCombinationReader -> CUnitSystem -> реальные profiles/batch -> State/Capacity/Formation -> typed result comments/status -> CBatchResultWriter","Все шесть путей реально используются Capacity/Formation; сохраненные физические точки сверены с независимым разложением N/Mx/My, без подмены fixed пути","modTestLoadTableConfig.RunAudit03LoadTableTests","docs/regression/Audit03/load_table_diagnostic_v143_2026-10-03.txt; docs/regression/Audit03/full_off_profile_scope_final_v173_2026-10-03.txt; docs/regression/Audit03/full_on_profile_scope_final_v173_2026-10-03.txt","ActiveBehaviorAccepted:FullRangeReviewNotComplete","Auto / LambdaMx / LambdaMy / LambdaMxy / LambdaN / LambdaNMxy и штатные display aliases","910 случаев: 30 строк x семь полей, шесть путей обоих Search consumers, четыре профиля, повтор/обратный порядок/пропуски, optional blanks, CVErr/нечисловые и overflow значения. Это активное адресное поведение; все произвольные геометрии, масштабы нагрузок и взаимодействия Config не объявляются закрытыми.",
"rngLoadCombinations.Slot10.Comment",,"rngLoadCombinations","Config!U13","UserInput","Text","User load units / ID / path / profile / comment","-","PendingCatalogMapping","Пустой пользовательский комментарий разрешен","Ненулевая строка LC; полностью пустая и достоверно нулевая нагрузка пропускаются, source slot сохраняется","CLoadCombinationReader -> CUnitSystem -> реальные profiles/batch -> State/Capacity/Formation -> typed result comments/status -> CBatchResultWriter","Комментарий сохраняется без смешивания с инженерным ResultComment и следует своей строке при перестановке/пропусках","modTestLoadTableConfig.RunAudit03LoadTableTests","docs/regression/Audit03/load_table_diagnostic_v143_2026-10-03.txt; docs/regression/Audit03/full_off_profile_scope_final_v173_2026-10-03.txt; docs/regression/Audit03/full_on_profile_scope_final_v173_2026-10-03.txt","ActiveBehaviorAccepted:FullRangeReviewNotComplete","Текст пользовательского комментария; пустое значение разрешено","910 случаев: 30 строк x семь полей, шесть путей обоих Search consumers, четыре профиля, повтор/обратный порядок/пропуски, optional blanks, CVErr/нечисловые и overflow значения. Это активное адресное поведение; все произвольные геометрии, масштабы нагрузок и взаимодействия Config не объявляются закрытыми.",
"rngLoadCombinations.Slot11.CombinationID",,"rngLoadCombinations","Config!O14","UserInput","Text","User load units / ID / path / profile / comment","-","PendingCatalogMapping","Обязательное поле ненулевой строки","Ненулевая строка LC; полностью пустая и достоверно нулевая нагрузка пропускаются, source slot сохраняется","CLoadCombinationReader -> CUnitSystem -> реальные profiles/batch -> State/Capacity/Formation -> typed result comments/status -> CBatchResultWriter","ID сохраняется в своей строке Results после повторного Execute, перестановки и пропусков строк","modTestLoadTableConfig.RunAudit03LoadTableTests","docs/regression/Audit03/load_table_diagnostic_v143_2026-10-03.txt; docs/regression/Audit03/full_off_profile_scope_final_v173_2026-10-03.txt; docs/regression/Audit03/full_on_profile_scope_final_v173_2026-10-03.txt","ActiveBehaviorAccepted:FullRangeReviewNotComplete","Непустой ID для ненулевой строки; идентичность определяется source slot, не числовой сортировкой ID","910 случаев: 30 строк x семь полей, шесть путей обоих Search consumers, четыре профиля, повтор/обратный порядок/пропуски, optional blanks, CVErr/нечисловые и overflow значения. Это активное адресное поведение; все произвольные геометрии, масштабы нагрузок и взаимодействия Config не объявляются закрытыми.",
"rngLoadCombinations.Slot11.N, tf",,"rngLoadCombinations","Config!P14","UserInput","Double","User load units / ID / path / profile / comment","N","PendingCatalogMapping","Пустая ячейка -> 0; некорректный ввод не подменяется нулем","Ненулевая строка LC; полностью пустая и достоверно нулевая нагрузка пропускаются, source slot сохраняется","CLoadCombinationReader -> CUnitSystem -> реальные profiles/batch -> State/Capacity/Formation -> typed result comments/status -> CBatchResultWriter","Введенная сила дает независимо проверенные внутренний знак, величину и target состояния; участвует в физическом LambdaN/NMxy","modTestLoadTableConfig.RunAudit03LoadTableTests","docs/regression/Audit03/load_table_diagnostic_v143_2026-10-03.txt; docs/regression/Audit03/full_off_profile_scope_final_v173_2026-10-03.txt; docs/regression/Audit03/full_on_profile_scope_final_v173_2026-10-03.txt","ActiveBehaviorAccepted:FullRangeReviewNotComplete","Представимый Double; допустимый диапазон дополнительно ограничен пересчетом INPUT -> внутренние единицы","910 случаев: 30 строк x семь полей, шесть путей обоих Search consumers, четыре профиля, повтор/обратный порядок/пропуски, optional blanks, CVErr/нечисловые и overflow значения. Это активное адресное поведение; все произвольные геометрии, масштабы нагрузок и взаимодействия Config не объявляются закрытыми.",
"rngLoadCombinations.Slot11.Mx, tf*m",,"rngLoadCombinations","Config!Q14","UserInput","Double","User load units / ID / path / profile / comment","N*mm","PendingCatalogMapping","Пустая ячейка -> 0; некорректный ввод не подменяется нулем","Ненулевая строка LC; полностью пустая и достоверно нулевая нагрузка пропускаются, source slot сохраняется","CLoadCombinationReader -> CUnitSystem -> реальные profiles/batch -> State/Capacity/Formation -> typed result comments/status -> CBatchResultWriter","Введенный Mx дает независимо проверенные величину и target состояния; физические Mx/Mxy/NMxy и fixed компоненты сверяются отдельно","modTestLoadTableConfig.RunAudit03LoadTableTests","docs/regression/Audit03/load_table_diagnostic_v143_2026-10-03.txt; docs/regression/Audit03/full_off_profile_scope_final_v173_2026-10-03.txt; docs/regression/Audit03/full_on_profile_scope_final_v173_2026-10-03.txt","ActiveBehaviorAccepted:FullRangeReviewNotComplete","Представимый Double; допустимый диапазон дополнительно ограничен пересчетом INPUT -> внутренние единицы","910 случаев: 30 строк x семь полей, шесть путей обоих Search consumers, четыре профиля, повтор/обратный порядок/пропуски, optional blanks, CVErr/нечисловые и overflow значения. Это активное адресное поведение; все произвольные геометрии, масштабы нагрузок и взаимодействия Config не объявляются закрытыми.",
"rngLoadCombinations.Slot11.My, tf*m",,"rngLoadCombinations","Config!R14","UserInput","Double","User load units / ID / path / profile / comment","N*mm","PendingCatalogMapping","Пустая ячейка -> 0; некорректный ввод не подменяется нулем","Ненулевая строка LC; полностью пустая и достоверно нулевая нагрузка пропускаются, source slot сохраняется","CLoadCombinationReader -> CUnitSystem -> реальные profiles/batch -> State/Capacity/Formation -> typed result comments/status -> CBatchResultWriter","Введенный My дает независимо проверенные величину и target состояния; физические My/Mxy/NMxy и fixed компоненты сверяются отдельно","modTestLoadTableConfig.RunAudit03LoadTableTests","docs/regression/Audit03/load_table_diagnostic_v143_2026-10-03.txt; docs/regression/Audit03/full_off_profile_scope_final_v173_2026-10-03.txt; docs/regression/Audit03/full_on_profile_scope_final_v173_2026-10-03.txt","ActiveBehaviorAccepted:FullRangeReviewNotComplete","Представимый Double; допустимый диапазон дополнительно ограничен пересчетом INPUT -> внутренние единицы","910 случаев: 30 строк x семь полей, шесть путей обоих Search consumers, четыре профиля, повтор/обратный порядок/пропуски, optional blanks, CVErr/нечисловые и overflow значения. Это активное адресное поведение; все произвольные геометрии, масштабы нагрузок и взаимодействия Config не объявляются закрытыми.",
"rngLoadCombinations.Slot11.ProfileId",,"rngLoadCombinations","Config!S14","UserInput","Enum","User load units / ID / path / profile / comment","-","PendingCatalogMapping","Обязательное поле ненулевой строки","Ненулевая строка LC; полностью пустая и достоверно нулевая нагрузка пропускаются, source slot сохраняется","CLoadCombinationReader -> CUnitSystem -> реальные profiles/batch -> State/Capacity/Formation -> typed result comments/status -> CBatchResultWriter","Все четыре реальные профиля читаются каталогом и назначаются конкретному LC; active Direct/Capacity/Crack реально исполняются","modTestLoadTableConfig.RunAudit03LoadTableTests","docs/regression/Audit03/load_table_diagnostic_v143_2026-10-03.txt; docs/regression/Audit03/full_off_profile_scope_final_v173_2026-10-03.txt; docs/regression/Audit03/full_on_profile_scope_final_v173_2026-10-03.txt","ActiveBehaviorAccepted:FullRangeReviewNotComplete","ID из реального CCalculationProfileCatalog; штатные PR1/PR2/PR3/PR4","910 случаев: 30 строк x семь полей, шесть путей обоих Search consumers, четыре профиля, повтор/обратный порядок/пропуски, optional blanks, CVErr/нечисловые и overflow значения. Это активное адресное поведение; все произвольные геометрии, масштабы нагрузок и взаимодействия Config не объявляются закрытыми.",
"rngLoadCombinations.Slot11.LoadPath",,"rngLoadCombinations","Config!T14","UserInput","Enum","User load units / ID / path / profile / comment","-","PendingCatalogMapping","Пустая ячейка -> Auto","Ненулевая строка LC; полностью пустая и достоверно нулевая нагрузка пропускаются, source slot сохраняется","CLoadCombinationReader -> CUnitSystem -> реальные profiles/batch -> State/Capacity/Formation -> typed result comments/status -> CBatchResultWriter","Все шесть путей реально используются Capacity/Formation; сохраненные физические точки сверены с независимым разложением N/Mx/My, без подмены fixed пути","modTestLoadTableConfig.RunAudit03LoadTableTests","docs/regression/Audit03/load_table_diagnostic_v143_2026-10-03.txt; docs/regression/Audit03/full_off_profile_scope_final_v173_2026-10-03.txt; docs/regression/Audit03/full_on_profile_scope_final_v173_2026-10-03.txt","ActiveBehaviorAccepted:FullRangeReviewNotComplete","Auto / LambdaMx / LambdaMy / LambdaMxy / LambdaN / LambdaNMxy и штатные display aliases","910 случаев: 30 строк x семь полей, шесть путей обоих Search consumers, четыре профиля, повтор/обратный порядок/пропуски, optional blanks, CVErr/нечисловые и overflow значения. Это активное адресное поведение; все произвольные геометрии, масштабы нагрузок и взаимодействия Config не объявляются закрытыми.",
"rngLoadCombinations.Slot11.Comment",,"rngLoadCombinations","Config!U14","UserInput","Text","User load units / ID / path / profile / comment","-","PendingCatalogMapping","Пустой пользовательский комментарий разрешен","Ненулевая строка LC; полностью пустая и достоверно нулевая нагрузка пропускаются, source slot сохраняется","CLoadCombinationReader -> CUnitSystem -> реальные profiles/batch -> State/Capacity/Formation -> typed result comments/status -> CBatchResultWriter","Комментарий сохраняется без смешивания с инженерным ResultComment и следует своей строке при перестановке/пропусках","modTestLoadTableConfig.RunAudit03LoadTableTests","docs/regression/Audit03/load_table_diagnostic_v143_2026-10-03.txt; docs/regression/Audit03/full_off_profile_scope_final_v173_2026-10-03.txt; docs/regression/Audit03/full_on_profile_scope_final_v173_2026-10-03.txt","ActiveBehaviorAccepted:FullRangeReviewNotComplete","Текст пользовательского комментария; пустое значение разрешено","910 случаев: 30 строк x семь полей, шесть путей обоих Search consumers, четыре профиля, повтор/обратный порядок/пропуски, optional blanks, CVErr/нечисловые и overflow значения. Это активное адресное поведение; все произвольные геометрии, масштабы нагрузок и взаимодействия Config не объявляются закрытыми.",
"rngLoadCombinations.Slot12.CombinationID",,"rngLoadCombinations","Config!O15","UserInput","Text","User load units / ID / path / profile / comment","-","PendingCatalogMapping","Обязательное поле ненулевой строки","Ненулевая строка LC; полностью пустая и достоверно нулевая нагрузка пропускаются, source slot сохраняется","CLoadCombinationReader -> CUnitSystem -> реальные profiles/batch -> State/Capacity/Formation -> typed result comments/status -> CBatchResultWriter","ID сохраняется в своей строке Results после повторного Execute, перестановки и пропусков строк","modTestLoadTableConfig.RunAudit03LoadTableTests","docs/regression/Audit03/load_table_diagnostic_v143_2026-10-03.txt; docs/regression/Audit03/full_off_profile_scope_final_v173_2026-10-03.txt; docs/regression/Audit03/full_on_profile_scope_final_v173_2026-10-03.txt","ActiveBehaviorAccepted:FullRangeReviewNotComplete","Непустой ID для ненулевой строки; идентичность определяется source slot, не числовой сортировкой ID","910 случаев: 30 строк x семь полей, шесть путей обоих Search consumers, четыре профиля, повтор/обратный порядок/пропуски, optional blanks, CVErr/нечисловые и overflow значения. Это активное адресное поведение; все произвольные геометрии, масштабы нагрузок и взаимодействия Config не объявляются закрытыми.",
"rngLoadCombinations.Slot12.N, tf",,"rngLoadCombinations","Config!P15","UserInput","Double","User load units / ID / path / profile / comment","N","PendingCatalogMapping","Пустая ячейка -> 0; некорректный ввод не подменяется нулем","Ненулевая строка LC; полностью пустая и достоверно нулевая нагрузка пропускаются, source slot сохраняется","CLoadCombinationReader -> CUnitSystem -> реальные profiles/batch -> State/Capacity/Formation -> typed result comments/status -> CBatchResultWriter","Введенная сила дает независимо проверенные внутренний знак, величину и target состояния; участвует в физическом LambdaN/NMxy","modTestLoadTableConfig.RunAudit03LoadTableTests","docs/regression/Audit03/load_table_diagnostic_v143_2026-10-03.txt; docs/regression/Audit03/full_off_profile_scope_final_v173_2026-10-03.txt; docs/regression/Audit03/full_on_profile_scope_final_v173_2026-10-03.txt","ActiveBehaviorAccepted:FullRangeReviewNotComplete","Представимый Double; допустимый диапазон дополнительно ограничен пересчетом INPUT -> внутренние единицы","910 случаев: 30 строк x семь полей, шесть путей обоих Search consumers, четыре профиля, повтор/обратный порядок/пропуски, optional blanks, CVErr/нечисловые и overflow значения. Это активное адресное поведение; все произвольные геометрии, масштабы нагрузок и взаимодействия Config не объявляются закрытыми.",
"rngLoadCombinations.Slot12.Mx, tf*m",,"rngLoadCombinations","Config!Q15","UserInput","Double","User load units / ID / path / profile / comment","N*mm","PendingCatalogMapping","Пустая ячейка -> 0; некорректный ввод не подменяется нулем","Ненулевая строка LC; полностью пустая и достоверно нулевая нагрузка пропускаются, source slot сохраняется","CLoadCombinationReader -> CUnitSystem -> реальные profiles/batch -> State/Capacity/Formation -> typed result comments/status -> CBatchResultWriter","Введенный Mx дает независимо проверенные величину и target состояния; физические Mx/Mxy/NMxy и fixed компоненты сверяются отдельно","modTestLoadTableConfig.RunAudit03LoadTableTests","docs/regression/Audit03/load_table_diagnostic_v143_2026-10-03.txt; docs/regression/Audit03/full_off_profile_scope_final_v173_2026-10-03.txt; docs/regression/Audit03/full_on_profile_scope_final_v173_2026-10-03.txt","ActiveBehaviorAccepted:FullRangeReviewNotComplete","Представимый Double; допустимый диапазон дополнительно ограничен пересчетом INPUT -> внутренние единицы","910 случаев: 30 строк x семь полей, шесть путей обоих Search consumers, четыре профиля, повтор/обратный порядок/пропуски, optional blanks, CVErr/нечисловые и overflow значения. Это активное адресное поведение; все произвольные геометрии, масштабы нагрузок и взаимодействия Config не объявляются закрытыми.",
"rngLoadCombinations.Slot12.My, tf*m",,"rngLoadCombinations","Config!R15","UserInput","Double","User load units / ID / path / profile / comment","N*mm","PendingCatalogMapping","Пустая ячейка -> 0; некорректный ввод не подменяется нулем","Ненулевая строка LC; полностью пустая и достоверно нулевая нагрузка пропускаются, source slot сохраняется","CLoadCombinationReader -> CUnitSystem -> реальные profiles/batch -> State/Capacity/Formation -> typed result comments/status -> CBatchResultWriter","Введенный My дает независимо проверенные величину и target состояния; физические My/Mxy/NMxy и fixed компоненты сверяются отдельно","modTestLoadTableConfig.RunAudit03LoadTableTests","docs/regression/Audit03/load_table_diagnostic_v143_2026-10-03.txt; docs/regression/Audit03/full_off_profile_scope_final_v173_2026-10-03.txt; docs/regression/Audit03/full_on_profile_scope_final_v173_2026-10-03.txt","ActiveBehaviorAccepted:FullRangeReviewNotComplete","Представимый Double; допустимый диапазон дополнительно ограничен пересчетом INPUT -> внутренние единицы","910 случаев: 30 строк x семь полей, шесть путей обоих Search consumers, четыре профиля, повтор/обратный порядок/пропуски, optional blanks, CVErr/нечисловые и overflow значения. Это активное адресное поведение; все произвольные геометрии, масштабы нагрузок и взаимодействия Config не объявляются закрытыми.",
"rngLoadCombinations.Slot12.ProfileId",,"rngLoadCombinations","Config!S15","UserInput","Enum","User load units / ID / path / profile / comment","-","PendingCatalogMapping","Обязательное поле ненулевой строки","Ненулевая строка LC; полностью пустая и достоверно нулевая нагрузка пропускаются, source slot сохраняется","CLoadCombinationReader -> CUnitSystem -> реальные profiles/batch -> State/Capacity/Formation -> typed result comments/status -> CBatchResultWriter","Все четыре реальные профиля читаются каталогом и назначаются конкретному LC; active Direct/Capacity/Crack реально исполняются","modTestLoadTableConfig.RunAudit03LoadTableTests","docs/regression/Audit03/load_table_diagnostic_v143_2026-10-03.txt; docs/regression/Audit03/full_off_profile_scope_final_v173_2026-10-03.txt; docs/regression/Audit03/full_on_profile_scope_final_v173_2026-10-03.txt","ActiveBehaviorAccepted:FullRangeReviewNotComplete","ID из реального CCalculationProfileCatalog; штатные PR1/PR2/PR3/PR4","910 случаев: 30 строк x семь полей, шесть путей обоих Search consumers, четыре профиля, повтор/обратный порядок/пропуски, optional blanks, CVErr/нечисловые и overflow значения. Это активное адресное поведение; все произвольные геометрии, масштабы нагрузок и взаимодействия Config не объявляются закрытыми.",
"rngLoadCombinations.Slot12.LoadPath",,"rngLoadCombinations","Config!T15","UserInput","Enum","User load units / ID / path / profile / comment","-","PendingCatalogMapping","Пустая ячейка -> Auto","Ненулевая строка LC; полностью пустая и достоверно нулевая нагрузка пропускаются, source slot сохраняется","CLoadCombinationReader -> CUnitSystem -> реальные profiles/batch -> State/Capacity/Formation -> typed result comments/status -> CBatchResultWriter","Все шесть путей реально используются Capacity/Formation; сохраненные физические точки сверены с независимым разложением N/Mx/My, без подмены fixed пути","modTestLoadTableConfig.RunAudit03LoadTableTests","docs/regression/Audit03/load_table_diagnostic_v143_2026-10-03.txt; docs/regression/Audit03/full_off_profile_scope_final_v173_2026-10-03.txt; docs/regression/Audit03/full_on_profile_scope_final_v173_2026-10-03.txt","ActiveBehaviorAccepted:FullRangeReviewNotComplete","Auto / LambdaMx / LambdaMy / LambdaMxy / LambdaN / LambdaNMxy и штатные display aliases","910 случаев: 30 строк x семь полей, шесть путей обоих Search consumers, четыре профиля, повтор/обратный порядок/пропуски, optional blanks, CVErr/нечисловые и overflow значения. Это активное адресное поведение; все произвольные геометрии, масштабы нагрузок и взаимодействия Config не объявляются закрытыми.",
"rngLoadCombinations.Slot12.Comment",,"rngLoadCombinations","Config!U15","UserInput","Text","User load units / ID / path / profile / comment","-","PendingCatalogMapping","Пустой пользовательский комментарий разрешен","Ненулевая строка LC; полностью пустая и достоверно нулевая нагрузка пропускаются, source slot сохраняется","CLoadCombinationReader -> CUnitSystem -> реальные profiles/batch -> State/Capacity/Formation -> typed result comments/status -> CBatchResultWriter","Комментарий сохраняется без смешивания с инженерным ResultComment и следует своей строке при перестановке/пропусках","modTestLoadTableConfig.RunAudit03LoadTableTests","docs/regression/Audit03/load_table_diagnostic_v143_2026-10-03.txt; docs/regression/Audit03/full_off_profile_scope_final_v173_2026-10-03.txt; docs/regression/Audit03/full_on_profile_scope_final_v173_2026-10-03.txt","ActiveBehaviorAccepted:FullRangeReviewNotComplete","Текст пользовательского комментария; пустое значение разрешено","910 случаев: 30 строк x семь полей, шесть путей обоих Search consumers, четыре профиля, повтор/обратный порядок/пропуски, optional blanks, CVErr/нечисловые и overflow значения. Это активное адресное поведение; все произвольные геометрии, масштабы нагрузок и взаимодействия Config не объявляются закрытыми.",
"rngLoadCombinations.Slot13.CombinationID",,"rngLoadCombinations","Config!O16","UserInput","Text","User load units / ID / path / profile / comment","-","PendingCatalogMapping","Обязательное поле ненулевой строки","Ненулевая строка LC; полностью пустая и достоверно нулевая нагрузка пропускаются, source slot сохраняется","CLoadCombinationReader -> CUnitSystem -> реальные profiles/batch -> State/Capacity/Formation -> typed result comments/status -> CBatchResultWriter","ID сохраняется в своей строке Results после повторного Execute, перестановки и пропусков строк","modTestLoadTableConfig.RunAudit03LoadTableTests","docs/regression/Audit03/load_table_diagnostic_v143_2026-10-03.txt; docs/regression/Audit03/full_off_profile_scope_final_v173_2026-10-03.txt; docs/regression/Audit03/full_on_profile_scope_final_v173_2026-10-03.txt","ActiveBehaviorAccepted:FullRangeReviewNotComplete","Непустой ID для ненулевой строки; идентичность определяется source slot, не числовой сортировкой ID","910 случаев: 30 строк x семь полей, шесть путей обоих Search consumers, четыре профиля, повтор/обратный порядок/пропуски, optional blanks, CVErr/нечисловые и overflow значения. Это активное адресное поведение; все произвольные геометрии, масштабы нагрузок и взаимодействия Config не объявляются закрытыми.",
"rngLoadCombinations.Slot13.N, tf",,"rngLoadCombinations","Config!P16","UserInput","Double","User load units / ID / path / profile / comment","N","PendingCatalogMapping","Пустая ячейка -> 0; некорректный ввод не подменяется нулем","Ненулевая строка LC; полностью пустая и достоверно нулевая нагрузка пропускаются, source slot сохраняется","CLoadCombinationReader -> CUnitSystem -> реальные profiles/batch -> State/Capacity/Formation -> typed result comments/status -> CBatchResultWriter","Введенная сила дает независимо проверенные внутренний знак, величину и target состояния; участвует в физическом LambdaN/NMxy","modTestLoadTableConfig.RunAudit03LoadTableTests","docs/regression/Audit03/load_table_diagnostic_v143_2026-10-03.txt; docs/regression/Audit03/full_off_profile_scope_final_v173_2026-10-03.txt; docs/regression/Audit03/full_on_profile_scope_final_v173_2026-10-03.txt","ActiveBehaviorAccepted:FullRangeReviewNotComplete","Представимый Double; допустимый диапазон дополнительно ограничен пересчетом INPUT -> внутренние единицы","910 случаев: 30 строк x семь полей, шесть путей обоих Search consumers, четыре профиля, повтор/обратный порядок/пропуски, optional blanks, CVErr/нечисловые и overflow значения. Это активное адресное поведение; все произвольные геометрии, масштабы нагрузок и взаимодействия Config не объявляются закрытыми.",
"rngLoadCombinations.Slot13.Mx, tf*m",,"rngLoadCombinations","Config!Q16","UserInput","Double","User load units / ID / path / profile / comment","N*mm","PendingCatalogMapping","Пустая ячейка -> 0; некорректный ввод не подменяется нулем","Ненулевая строка LC; полностью пустая и достоверно нулевая нагрузка пропускаются, source slot сохраняется","CLoadCombinationReader -> CUnitSystem -> реальные profiles/batch -> State/Capacity/Formation -> typed result comments/status -> CBatchResultWriter","Введенный Mx дает независимо проверенные величину и target состояния; физические Mx/Mxy/NMxy и fixed компоненты сверяются отдельно","modTestLoadTableConfig.RunAudit03LoadTableTests","docs/regression/Audit03/load_table_diagnostic_v143_2026-10-03.txt; docs/regression/Audit03/full_off_profile_scope_final_v173_2026-10-03.txt; docs/regression/Audit03/full_on_profile_scope_final_v173_2026-10-03.txt","ActiveBehaviorAccepted:FullRangeReviewNotComplete","Представимый Double; допустимый диапазон дополнительно ограничен пересчетом INPUT -> внутренние единицы","910 случаев: 30 строк x семь полей, шесть путей обоих Search consumers, четыре профиля, повтор/обратный порядок/пропуски, optional blanks, CVErr/нечисловые и overflow значения. Это активное адресное поведение; все произвольные геометрии, масштабы нагрузок и взаимодействия Config не объявляются закрытыми.",
"rngLoadCombinations.Slot13.My, tf*m",,"rngLoadCombinations","Config!R16","UserInput","Double","User load units / ID / path / profile / comment","N*mm","PendingCatalogMapping","Пустая ячейка -> 0; некорректный ввод не подменяется нулем","Ненулевая строка LC; полностью пустая и достоверно нулевая нагрузка пропускаются, source slot сохраняется","CLoadCombinationReader -> CUnitSystem -> реальные profiles/batch -> State/Capacity/Formation -> typed result comments/status -> CBatchResultWriter","Введенный My дает независимо проверенные величину и target состояния; физические My/Mxy/NMxy и fixed компоненты сверяются отдельно","modTestLoadTableConfig.RunAudit03LoadTableTests","docs/regression/Audit03/load_table_diagnostic_v143_2026-10-03.txt; docs/regression/Audit03/full_off_profile_scope_final_v173_2026-10-03.txt; docs/regression/Audit03/full_on_profile_scope_final_v173_2026-10-03.txt","ActiveBehaviorAccepted:FullRangeReviewNotComplete","Представимый Double; допустимый диапазон дополнительно ограничен пересчетом INPUT -> внутренние единицы","910 случаев: 30 строк x семь полей, шесть путей обоих Search consumers, четыре профиля, повтор/обратный порядок/пропуски, optional blanks, CVErr/нечисловые и overflow значения. Это активное адресное поведение; все произвольные геометрии, масштабы нагрузок и взаимодействия Config не объявляются закрытыми.",
"rngLoadCombinations.Slot13.ProfileId",,"rngLoadCombinations","Config!S16","UserInput","Enum","User load units / ID / path / profile / comment","-","PendingCatalogMapping","Обязательное поле ненулевой строки","Ненулевая строка LC; полностью пустая и достоверно нулевая нагрузка пропускаются, source slot сохраняется","CLoadCombinationReader -> CUnitSystem -> реальные profiles/batch -> State/Capacity/Formation -> typed result comments/status -> CBatchResultWriter","Все четыре реальные профиля читаются каталогом и назначаются конкретному LC; active Direct/Capacity/Crack реально исполняются","modTestLoadTableConfig.RunAudit03LoadTableTests","docs/regression/Audit03/load_table_diagnostic_v143_2026-10-03.txt; docs/regression/Audit03/full_off_profile_scope_final_v173_2026-10-03.txt; docs/regression/Audit03/full_on_profile_scope_final_v173_2026-10-03.txt","ActiveBehaviorAccepted:FullRangeReviewNotComplete","ID из реального CCalculationProfileCatalog; штатные PR1/PR2/PR3/PR4","910 случаев: 30 строк x семь полей, шесть путей обоих Search consumers, четыре профиля, повтор/обратный порядок/пропуски, optional blanks, CVErr/нечисловые и overflow значения. Это активное адресное поведение; все произвольные геометрии, масштабы нагрузок и взаимодействия Config не объявляются закрытыми.",
"rngLoadCombinations.Slot13.LoadPath",,"rngLoadCombinations","Config!T16","UserInput","Enum","User load units / ID / path / profile / comment","-","PendingCatalogMapping","Пустая ячейка -> Auto","Ненулевая строка LC; полностью пустая и достоверно нулевая нагрузка пропускаются, source slot сохраняется","CLoadCombinationReader -> CUnitSystem -> реальные profiles/batch -> State/Capacity/Formation -> typed result comments/status -> CBatchResultWriter","Все шесть путей реально используются Capacity/Formation; сохраненные физические точки сверены с независимым разложением N/Mx/My, без подмены fixed пути","modTestLoadTableConfig.RunAudit03LoadTableTests","docs/regression/Audit03/load_table_diagnostic_v143_2026-10-03.txt; docs/regression/Audit03/full_off_profile_scope_final_v173_2026-10-03.txt; docs/regression/Audit03/full_on_profile_scope_final_v173_2026-10-03.txt","ActiveBehaviorAccepted:FullRangeReviewNotComplete","Auto / LambdaMx / LambdaMy / LambdaMxy / LambdaN / LambdaNMxy и штатные display aliases","910 случаев: 30 строк x семь полей, шесть путей обоих Search consumers, четыре профиля, повтор/обратный порядок/пропуски, optional blanks, CVErr/нечисловые и overflow значения. Это активное адресное поведение; все произвольные геометрии, масштабы нагрузок и взаимодействия Config не объявляются закрытыми.",
"rngLoadCombinations.Slot13.Comment",,"rngLoadCombinations","Config!U16","UserInput","Text","User load units / ID / path / profile / comment","-","PendingCatalogMapping","Пустой пользовательский комментарий разрешен","Ненулевая строка LC; полностью пустая и достоверно нулевая нагрузка пропускаются, source slot сохраняется","CLoadCombinationReader -> CUnitSystem -> реальные profiles/batch -> State/Capacity/Formation -> typed result comments/status -> CBatchResultWriter","Комментарий сохраняется без смешивания с инженерным ResultComment и следует своей строке при перестановке/пропусках","modTestLoadTableConfig.RunAudit03LoadTableTests","docs/regression/Audit03/load_table_diagnostic_v143_2026-10-03.txt; docs/regression/Audit03/full_off_profile_scope_final_v173_2026-10-03.txt; docs/regression/Audit03/full_on_profile_scope_final_v173_2026-10-03.txt","ActiveBehaviorAccepted:FullRangeReviewNotComplete","Текст пользовательского комментария; пустое значение разрешено","910 случаев: 30 строк x семь полей, шесть путей обоих Search consumers, четыре профиля, повтор/обратный порядок/пропуски, optional blanks, CVErr/нечисловые и overflow значения. Это активное адресное поведение; все произвольные геометрии, масштабы нагрузок и взаимодействия Config не объявляются закрытыми.",
"rngLoadCombinations.Slot14.CombinationID",,"rngLoadCombinations","Config!O17","UserInput","Text","User load units / ID / path / profile / comment","-","PendingCatalogMapping","Обязательное поле ненулевой строки","Ненулевая строка LC; полностью пустая и достоверно нулевая нагрузка пропускаются, source slot сохраняется","CLoadCombinationReader -> CUnitSystem -> реальные profiles/batch -> State/Capacity/Formation -> typed result comments/status -> CBatchResultWriter","ID сохраняется в своей строке Results после повторного Execute, перестановки и пропусков строк","modTestLoadTableConfig.RunAudit03LoadTableTests","docs/regression/Audit03/load_table_diagnostic_v143_2026-10-03.txt; docs/regression/Audit03/full_off_profile_scope_final_v173_2026-10-03.txt; docs/regression/Audit03/full_on_profile_scope_final_v173_2026-10-03.txt","ActiveBehaviorAccepted:FullRangeReviewNotComplete","Непустой ID для ненулевой строки; идентичность определяется source slot, не числовой сортировкой ID","910 случаев: 30 строк x семь полей, шесть путей обоих Search consumers, четыре профиля, повтор/обратный порядок/пропуски, optional blanks, CVErr/нечисловые и overflow значения. Это активное адресное поведение; все произвольные геометрии, масштабы нагрузок и взаимодействия Config не объявляются закрытыми.",
"rngLoadCombinations.Slot14.N, tf",,"rngLoadCombinations","Config!P17","UserInput","Double","User load units / ID / path / profile / comment","N","PendingCatalogMapping","Пустая ячейка -> 0; некорректный ввод не подменяется нулем","Ненулевая строка LC; полностью пустая и достоверно нулевая нагрузка пропускаются, source slot сохраняется","CLoadCombinationReader -> CUnitSystem -> реальные profiles/batch -> State/Capacity/Formation -> typed result comments/status -> CBatchResultWriter","Введенная сила дает независимо проверенные внутренний знак, величину и target состояния; участвует в физическом LambdaN/NMxy","modTestLoadTableConfig.RunAudit03LoadTableTests","docs/regression/Audit03/load_table_diagnostic_v143_2026-10-03.txt; docs/regression/Audit03/full_off_profile_scope_final_v173_2026-10-03.txt; docs/regression/Audit03/full_on_profile_scope_final_v173_2026-10-03.txt","ActiveBehaviorAccepted:FullRangeReviewNotComplete","Представимый Double; допустимый диапазон дополнительно ограничен пересчетом INPUT -> внутренние единицы","910 случаев: 30 строк x семь полей, шесть путей обоих Search consumers, четыре профиля, повтор/обратный порядок/пропуски, optional blanks, CVErr/нечисловые и overflow значения. Это активное адресное поведение; все произвольные геометрии, масштабы нагрузок и взаимодействия Config не объявляются закрытыми.",
"rngLoadCombinations.Slot14.Mx, tf*m",,"rngLoadCombinations","Config!Q17","UserInput","Double","User load units / ID / path / profile / comment","N*mm","PendingCatalogMapping","Пустая ячейка -> 0; некорректный ввод не подменяется нулем","Ненулевая строка LC; полностью пустая и достоверно нулевая нагрузка пропускаются, source slot сохраняется","CLoadCombinationReader -> CUnitSystem -> реальные profiles/batch -> State/Capacity/Formation -> typed result comments/status -> CBatchResultWriter","Введенный Mx дает независимо проверенные величину и target состояния; физические Mx/Mxy/NMxy и fixed компоненты сверяются отдельно","modTestLoadTableConfig.RunAudit03LoadTableTests","docs/regression/Audit03/load_table_diagnostic_v143_2026-10-03.txt; docs/regression/Audit03/full_off_profile_scope_final_v173_2026-10-03.txt; docs/regression/Audit03/full_on_profile_scope_final_v173_2026-10-03.txt","ActiveBehaviorAccepted:FullRangeReviewNotComplete","Представимый Double; допустимый диапазон дополнительно ограничен пересчетом INPUT -> внутренние единицы","910 случаев: 30 строк x семь полей, шесть путей обоих Search consumers, четыре профиля, повтор/обратный порядок/пропуски, optional blanks, CVErr/нечисловые и overflow значения. Это активное адресное поведение; все произвольные геометрии, масштабы нагрузок и взаимодействия Config не объявляются закрытыми.",
"rngLoadCombinations.Slot14.My, tf*m",,"rngLoadCombinations","Config!R17","UserInput","Double","User load units / ID / path / profile / comment","N*mm","PendingCatalogMapping","Пустая ячейка -> 0; некорректный ввод не подменяется нулем","Ненулевая строка LC; полностью пустая и достоверно нулевая нагрузка пропускаются, source slot сохраняется","CLoadCombinationReader -> CUnitSystem -> реальные profiles/batch -> State/Capacity/Formation -> typed result comments/status -> CBatchResultWriter","Введенный My дает независимо проверенные величину и target состояния; физические My/Mxy/NMxy и fixed компоненты сверяются отдельно","modTestLoadTableConfig.RunAudit03LoadTableTests","docs/regression/Audit03/load_table_diagnostic_v143_2026-10-03.txt; docs/regression/Audit03/full_off_profile_scope_final_v173_2026-10-03.txt; docs/regression/Audit03/full_on_profile_scope_final_v173_2026-10-03.txt","ActiveBehaviorAccepted:FullRangeReviewNotComplete","Представимый Double; допустимый диапазон дополнительно ограничен пересчетом INPUT -> внутренние единицы","910 случаев: 30 строк x семь полей, шесть путей обоих Search consumers, четыре профиля, повтор/обратный порядок/пропуски, optional blanks, CVErr/нечисловые и overflow значения. Это активное адресное поведение; все произвольные геометрии, масштабы нагрузок и взаимодействия Config не объявляются закрытыми.",
"rngLoadCombinations.Slot14.ProfileId",,"rngLoadCombinations","Config!S17","UserInput","Enum","User load units / ID / path / profile / comment","-","PendingCatalogMapping","Обязательное поле ненулевой строки","Ненулевая строка LC; полностью пустая и достоверно нулевая нагрузка пропускаются, source slot сохраняется","CLoadCombinationReader -> CUnitSystem -> реальные profiles/batch -> State/Capacity/Formation -> typed result comments/status -> CBatchResultWriter","Все четыре реальные профиля читаются каталогом и назначаются конкретному LC; active Direct/Capacity/Crack реально исполняются","modTestLoadTableConfig.RunAudit03LoadTableTests","docs/regression/Audit03/load_table_diagnostic_v143_2026-10-03.txt; docs/regression/Audit03/full_off_profile_scope_final_v173_2026-10-03.txt; docs/regression/Audit03/full_on_profile_scope_final_v173_2026-10-03.txt","ActiveBehaviorAccepted:FullRangeReviewNotComplete","ID из реального CCalculationProfileCatalog; штатные PR1/PR2/PR3/PR4","910 случаев: 30 строк x семь полей, шесть путей обоих Search consumers, четыре профиля, повтор/обратный порядок/пропуски, optional blanks, CVErr/нечисловые и overflow значения. Это активное адресное поведение; все произвольные геометрии, масштабы нагрузок и взаимодействия Config не объявляются закрытыми.",
"rngLoadCombinations.Slot14.LoadPath",,"rngLoadCombinations","Config!T17","UserInput","Enum","User load units / ID / path / profile / comment","-","PendingCatalogMapping","Пустая ячейка -> Auto","Ненулевая строка LC; полностью пустая и достоверно нулевая нагрузка пропускаются, source slot сохраняется","CLoadCombinationReader -> CUnitSystem -> реальные profiles/batch -> State/Capacity/Formation -> typed result comments/status -> CBatchResultWriter","Все шесть путей реально используются Capacity/Formation; сохраненные физические точки сверены с независимым разложением N/Mx/My, без подмены fixed пути","modTestLoadTableConfig.RunAudit03LoadTableTests","docs/regression/Audit03/load_table_diagnostic_v143_2026-10-03.txt; docs/regression/Audit03/full_off_profile_scope_final_v173_2026-10-03.txt; docs/regression/Audit03/full_on_profile_scope_final_v173_2026-10-03.txt","ActiveBehaviorAccepted:FullRangeReviewNotComplete","Auto / LambdaMx / LambdaMy / LambdaMxy / LambdaN / LambdaNMxy и штатные display aliases","910 случаев: 30 строк x семь полей, шесть путей обоих Search consumers, четыре профиля, повтор/обратный порядок/пропуски, optional blanks, CVErr/нечисловые и overflow значения. Это активное адресное поведение; все произвольные геометрии, масштабы нагрузок и взаимодействия Config не объявляются закрытыми.",
"rngLoadCombinations.Slot14.Comment",,"rngLoadCombinations","Config!U17","UserInput","Text","User load units / ID / path / profile / comment","-","PendingCatalogMapping","Пустой пользовательский комментарий разрешен","Ненулевая строка LC; полностью пустая и достоверно нулевая нагрузка пропускаются, source slot сохраняется","CLoadCombinationReader -> CUnitSystem -> реальные profiles/batch -> State/Capacity/Formation -> typed result comments/status -> CBatchResultWriter","Комментарий сохраняется без смешивания с инженерным ResultComment и следует своей строке при перестановке/пропусках","modTestLoadTableConfig.RunAudit03LoadTableTests","docs/regression/Audit03/load_table_diagnostic_v143_2026-10-03.txt; docs/regression/Audit03/full_off_profile_scope_final_v173_2026-10-03.txt; docs/regression/Audit03/full_on_profile_scope_final_v173_2026-10-03.txt","ActiveBehaviorAccepted:FullRangeReviewNotComplete","Текст пользовательского комментария; пустое значение разрешено","910 случаев: 30 строк x семь полей, шесть путей обоих Search consumers, четыре профиля, повтор/обратный порядок/пропуски, optional blanks, CVErr/нечисловые и overflow значения. Это активное адресное поведение; все произвольные геометрии, масштабы нагрузок и взаимодействия Config не объявляются закрытыми.",
"rngLoadCombinations.Slot15.CombinationID",,"rngLoadCombinations","Config!O18","UserInput","Text","User load units / ID / path / profile / comment","-","PendingCatalogMapping","Обязательное поле ненулевой строки","Ненулевая строка LC; полностью пустая и достоверно нулевая нагрузка пропускаются, source slot сохраняется","CLoadCombinationReader -> CUnitSystem -> реальные profiles/batch -> State/Capacity/Formation -> typed result comments/status -> CBatchResultWriter","ID сохраняется в своей строке Results после повторного Execute, перестановки и пропусков строк","modTestLoadTableConfig.RunAudit03LoadTableTests","docs/regression/Audit03/load_table_diagnostic_v143_2026-10-03.txt; docs/regression/Audit03/full_off_profile_scope_final_v173_2026-10-03.txt; docs/regression/Audit03/full_on_profile_scope_final_v173_2026-10-03.txt","ActiveBehaviorAccepted:FullRangeReviewNotComplete","Непустой ID для ненулевой строки; идентичность определяется source slot, не числовой сортировкой ID","910 случаев: 30 строк x семь полей, шесть путей обоих Search consumers, четыре профиля, повтор/обратный порядок/пропуски, optional blanks, CVErr/нечисловые и overflow значения. Это активное адресное поведение; все произвольные геометрии, масштабы нагрузок и взаимодействия Config не объявляются закрытыми.",
"rngLoadCombinations.Slot15.N, tf",,"rngLoadCombinations","Config!P18","UserInput","Double","User load units / ID / path / profile / comment","N","PendingCatalogMapping","Пустая ячейка -> 0; некорректный ввод не подменяется нулем","Ненулевая строка LC; полностью пустая и достоверно нулевая нагрузка пропускаются, source slot сохраняется","CLoadCombinationReader -> CUnitSystem -> реальные profiles/batch -> State/Capacity/Formation -> typed result comments/status -> CBatchResultWriter","Введенная сила дает независимо проверенные внутренний знак, величину и target состояния; участвует в физическом LambdaN/NMxy","modTestLoadTableConfig.RunAudit03LoadTableTests","docs/regression/Audit03/load_table_diagnostic_v143_2026-10-03.txt; docs/regression/Audit03/full_off_profile_scope_final_v173_2026-10-03.txt; docs/regression/Audit03/full_on_profile_scope_final_v173_2026-10-03.txt","ActiveBehaviorAccepted:FullRangeReviewNotComplete","Представимый Double; допустимый диапазон дополнительно ограничен пересчетом INPUT -> внутренние единицы","910 случаев: 30 строк x семь полей, шесть путей обоих Search consumers, четыре профиля, повтор/обратный порядок/пропуски, optional blanks, CVErr/нечисловые и overflow значения. Это активное адресное поведение; все произвольные геометрии, масштабы нагрузок и взаимодействия Config не объявляются закрытыми.",
"rngLoadCombinations.Slot15.Mx, tf*m",,"rngLoadCombinations","Config!Q18","UserInput","Double","User load units / ID / path / profile / comment","N*mm","PendingCatalogMapping","Пустая ячейка -> 0; некорректный ввод не подменяется нулем","Ненулевая строка LC; полностью пустая и достоверно нулевая нагрузка пропускаются, source slot сохраняется","CLoadCombinationReader -> CUnitSystem -> реальные profiles/batch -> State/Capacity/Formation -> typed result comments/status -> CBatchResultWriter","Введенный Mx дает независимо проверенные величину и target состояния; физические Mx/Mxy/NMxy и fixed компоненты сверяются отдельно","modTestLoadTableConfig.RunAudit03LoadTableTests","docs/regression/Audit03/load_table_diagnostic_v143_2026-10-03.txt; docs/regression/Audit03/full_off_profile_scope_final_v173_2026-10-03.txt; docs/regression/Audit03/full_on_profile_scope_final_v173_2026-10-03.txt","ActiveBehaviorAccepted:FullRangeReviewNotComplete","Представимый Double; допустимый диапазон дополнительно ограничен пересчетом INPUT -> внутренние единицы","910 случаев: 30 строк x семь полей, шесть путей обоих Search consumers, четыре профиля, повтор/обратный порядок/пропуски, optional blanks, CVErr/нечисловые и overflow значения. Это активное адресное поведение; все произвольные геометрии, масштабы нагрузок и взаимодействия Config не объявляются закрытыми.",
"rngLoadCombinations.Slot15.My, tf*m",,"rngLoadCombinations","Config!R18","UserInput","Double","User load units / ID / path / profile / comment","N*mm","PendingCatalogMapping","Пустая ячейка -> 0; некорректный ввод не подменяется нулем","Ненулевая строка LC; полностью пустая и достоверно нулевая нагрузка пропускаются, source slot сохраняется","CLoadCombinationReader -> CUnitSystem -> реальные profiles/batch -> State/Capacity/Formation -> typed result comments/status -> CBatchResultWriter","Введенный My дает независимо проверенные величину и target состояния; физические My/Mxy/NMxy и fixed компоненты сверяются отдельно","modTestLoadTableConfig.RunAudit03LoadTableTests","docs/regression/Audit03/load_table_diagnostic_v143_2026-10-03.txt; docs/regression/Audit03/full_off_profile_scope_final_v173_2026-10-03.txt; docs/regression/Audit03/full_on_profile_scope_final_v173_2026-10-03.txt","ActiveBehaviorAccepted:FullRangeReviewNotComplete","Представимый Double; допустимый диапазон дополнительно ограничен пересчетом INPUT -> внутренние единицы","910 случаев: 30 строк x семь полей, шесть путей обоих Search consumers, четыре профиля, повтор/обратный порядок/пропуски, optional blanks, CVErr/нечисловые и overflow значения. Это активное адресное поведение; все произвольные геометрии, масштабы нагрузок и взаимодействия Config не объявляются закрытыми.",
"rngLoadCombinations.Slot15.ProfileId",,"rngLoadCombinations","Config!S18","UserInput","Enum","User load units / ID / path / profile / comment","-","PendingCatalogMapping","Обязательное поле ненулевой строки","Ненулевая строка LC; полностью пустая и достоверно нулевая нагрузка пропускаются, source slot сохраняется","CLoadCombinationReader -> CUnitSystem -> реальные profiles/batch -> State/Capacity/Formation -> typed result comments/status -> CBatchResultWriter","Все четыре реальные профиля читаются каталогом и назначаются конкретному LC; active Direct/Capacity/Crack реально исполняются","modTestLoadTableConfig.RunAudit03LoadTableTests","docs/regression/Audit03/load_table_diagnostic_v143_2026-10-03.txt; docs/regression/Audit03/full_off_profile_scope_final_v173_2026-10-03.txt; docs/regression/Audit03/full_on_profile_scope_final_v173_2026-10-03.txt","ActiveBehaviorAccepted:FullRangeReviewNotComplete","ID из реального CCalculationProfileCatalog; штатные PR1/PR2/PR3/PR4","910 случаев: 30 строк x семь полей, шесть путей обоих Search consumers, четыре профиля, повтор/обратный порядок/пропуски, optional blanks, CVErr/нечисловые и overflow значения. Это активное адресное поведение; все произвольные геометрии, масштабы нагрузок и взаимодействия Config не объявляются закрытыми.",
"rngLoadCombinations.Slot15.LoadPath",,"rngLoadCombinations","Config!T18","UserInput","Enum","User load units / ID / path / profile / comment","-","PendingCatalogMapping","Пустая ячейка -> Auto","Ненулевая строка LC; полностью пустая и достоверно нулевая нагрузка пропускаются, source slot сохраняется","CLoadCombinationReader -> CUnitSystem -> реальные profiles/batch -> State/Capacity/Formation -> typed result comments/status -> CBatchResultWriter","Все шесть путей реально используются Capacity/Formation; сохраненные физические точки сверены с независимым разложением N/Mx/My, без подмены fixed пути","modTestLoadTableConfig.RunAudit03LoadTableTests","docs/regression/Audit03/load_table_diagnostic_v143_2026-10-03.txt; docs/regression/Audit03/full_off_profile_scope_final_v173_2026-10-03.txt; docs/regression/Audit03/full_on_profile_scope_final_v173_2026-10-03.txt","ActiveBehaviorAccepted:FullRangeReviewNotComplete","Auto / LambdaMx / LambdaMy / LambdaMxy / LambdaN / LambdaNMxy и штатные display aliases","910 случаев: 30 строк x семь полей, шесть путей обоих Search consumers, четыре профиля, повтор/обратный порядок/пропуски, optional blanks, CVErr/нечисловые и overflow значения. Это активное адресное поведение; все произвольные геометрии, масштабы нагрузок и взаимодействия Config не объявляются закрытыми.",
"rngLoadCombinations.Slot15.Comment",,"rngLoadCombinations","Config!U18","UserInput","Text","User load units / ID / path / profile / comment","-","PendingCatalogMapping","Пустой пользовательский комментарий разрешен","Ненулевая строка LC; полностью пустая и достоверно нулевая нагрузка пропускаются, source slot сохраняется","CLoadCombinationReader -> CUnitSystem -> реальные profiles/batch -> State/Capacity/Formation -> typed result comments/status -> CBatchResultWriter","Комментарий сохраняется без смешивания с инженерным ResultComment и следует своей строке при перестановке/пропусках","modTestLoadTableConfig.RunAudit03LoadTableTests","docs/regression/Audit03/load_table_diagnostic_v143_2026-10-03.txt; docs/regression/Audit03/full_off_profile_scope_final_v173_2026-10-03.txt; docs/regression/Audit03/full_on_profile_scope_final_v173_2026-10-03.txt","ActiveBehaviorAccepted:FullRangeReviewNotComplete","Текст пользовательского комментария; пустое значение разрешено","910 случаев: 30 строк x семь полей, шесть путей обоих Search consumers, четыре профиля, повтор/обратный порядок/пропуски, optional blanks, CVErr/нечисловые и overflow значения. Это активное адресное поведение; все произвольные геометрии, масштабы нагрузок и взаимодействия Config не объявляются закрытыми.",
"rngLoadCombinations.Slot16.CombinationID",,"rngLoadCombinations","Config!O19","UserInput","Text","User load units / ID / path / profile / comment","-","PendingCatalogMapping","Обязательное поле ненулевой строки","Ненулевая строка LC; полностью пустая и достоверно нулевая нагрузка пропускаются, source slot сохраняется","CLoadCombinationReader -> CUnitSystem -> реальные profiles/batch -> State/Capacity/Formation -> typed result comments/status -> CBatchResultWriter","ID сохраняется в своей строке Results после повторного Execute, перестановки и пропусков строк","modTestLoadTableConfig.RunAudit03LoadTableTests","docs/regression/Audit03/load_table_diagnostic_v143_2026-10-03.txt; docs/regression/Audit03/full_off_profile_scope_final_v173_2026-10-03.txt; docs/regression/Audit03/full_on_profile_scope_final_v173_2026-10-03.txt","ActiveBehaviorAccepted:FullRangeReviewNotComplete","Непустой ID для ненулевой строки; идентичность определяется source slot, не числовой сортировкой ID","910 случаев: 30 строк x семь полей, шесть путей обоих Search consumers, четыре профиля, повтор/обратный порядок/пропуски, optional blanks, CVErr/нечисловые и overflow значения. Это активное адресное поведение; все произвольные геометрии, масштабы нагрузок и взаимодействия Config не объявляются закрытыми.",
"rngLoadCombinations.Slot16.N, tf",,"rngLoadCombinations","Config!P19","UserInput","Double","User load units / ID / path / profile / comment","N","PendingCatalogMapping","Пустая ячейка -> 0; некорректный ввод не подменяется нулем","Ненулевая строка LC; полностью пустая и достоверно нулевая нагрузка пропускаются, source slot сохраняется","CLoadCombinationReader -> CUnitSystem -> реальные profiles/batch -> State/Capacity/Formation -> typed result comments/status -> CBatchResultWriter","Введенная сила дает независимо проверенные внутренний знак, величину и target состояния; участвует в физическом LambdaN/NMxy","modTestLoadTableConfig.RunAudit03LoadTableTests","docs/regression/Audit03/load_table_diagnostic_v143_2026-10-03.txt; docs/regression/Audit03/full_off_profile_scope_final_v173_2026-10-03.txt; docs/regression/Audit03/full_on_profile_scope_final_v173_2026-10-03.txt","ActiveBehaviorAccepted:FullRangeReviewNotComplete","Представимый Double; допустимый диапазон дополнительно ограничен пересчетом INPUT -> внутренние единицы","910 случаев: 30 строк x семь полей, шесть путей обоих Search consumers, четыре профиля, повтор/обратный порядок/пропуски, optional blanks, CVErr/нечисловые и overflow значения. Это активное адресное поведение; все произвольные геометрии, масштабы нагрузок и взаимодействия Config не объявляются закрытыми.",
"rngLoadCombinations.Slot16.Mx, tf*m",,"rngLoadCombinations","Config!Q19","UserInput","Double","User load units / ID / path / profile / comment","N*mm","PendingCatalogMapping","Пустая ячейка -> 0; некорректный ввод не подменяется нулем","Ненулевая строка LC; полностью пустая и достоверно нулевая нагрузка пропускаются, source slot сохраняется","CLoadCombinationReader -> CUnitSystem -> реальные profiles/batch -> State/Capacity/Formation -> typed result comments/status -> CBatchResultWriter","Введенный Mx дает независимо проверенные величину и target состояния; физические Mx/Mxy/NMxy и fixed компоненты сверяются отдельно","modTestLoadTableConfig.RunAudit03LoadTableTests","docs/regression/Audit03/load_table_diagnostic_v143_2026-10-03.txt; docs/regression/Audit03/full_off_profile_scope_final_v173_2026-10-03.txt; docs/regression/Audit03/full_on_profile_scope_final_v173_2026-10-03.txt","ActiveBehaviorAccepted:FullRangeReviewNotComplete","Представимый Double; допустимый диапазон дополнительно ограничен пересчетом INPUT -> внутренние единицы","910 случаев: 30 строк x семь полей, шесть путей обоих Search consumers, четыре профиля, повтор/обратный порядок/пропуски, optional blanks, CVErr/нечисловые и overflow значения. Это активное адресное поведение; все произвольные геометрии, масштабы нагрузок и взаимодействия Config не объявляются закрытыми.",
"rngLoadCombinations.Slot16.My, tf*m",,"rngLoadCombinations","Config!R19","UserInput","Double","User load units / ID / path / profile / comment","N*mm","PendingCatalogMapping","Пустая ячейка -> 0; некорректный ввод не подменяется нулем","Ненулевая строка LC; полностью пустая и достоверно нулевая нагрузка пропускаются, source slot сохраняется","CLoadCombinationReader -> CUnitSystem -> реальные profiles/batch -> State/Capacity/Formation -> typed result comments/status -> CBatchResultWriter","Введенный My дает независимо проверенные величину и target состояния; физические My/Mxy/NMxy и fixed компоненты сверяются отдельно","modTestLoadTableConfig.RunAudit03LoadTableTests","docs/regression/Audit03/load_table_diagnostic_v143_2026-10-03.txt; docs/regression/Audit03/full_off_profile_scope_final_v173_2026-10-03.txt; docs/regression/Audit03/full_on_profile_scope_final_v173_2026-10-03.txt","ActiveBehaviorAccepted:FullRangeReviewNotComplete","Представимый Double; допустимый диапазон дополнительно ограничен пересчетом INPUT -> внутренние единицы","910 случаев: 30 строк x семь полей, шесть путей обоих Search consumers, четыре профиля, повтор/обратный порядок/пропуски, optional blanks, CVErr/нечисловые и overflow значения. Это активное адресное поведение; все произвольные геометрии, масштабы нагрузок и взаимодействия Config не объявляются закрытыми.",
"rngLoadCombinations.Slot16.ProfileId",,"rngLoadCombinations","Config!S19","UserInput","Enum","User load units / ID / path / profile / comment","-","PendingCatalogMapping","Обязательное поле ненулевой строки","Ненулевая строка LC; полностью пустая и достоверно нулевая нагрузка пропускаются, source slot сохраняется","CLoadCombinationReader -> CUnitSystem -> реальные profiles/batch -> State/Capacity/Formation -> typed result comments/status -> CBatchResultWriter","Все четыре реальные профиля читаются каталогом и назначаются конкретному LC; active Direct/Capacity/Crack реально исполняются","modTestLoadTableConfig.RunAudit03LoadTableTests","docs/regression/Audit03/load_table_diagnostic_v143_2026-10-03.txt; docs/regression/Audit03/full_off_profile_scope_final_v173_2026-10-03.txt; docs/regression/Audit03/full_on_profile_scope_final_v173_2026-10-03.txt","ActiveBehaviorAccepted:FullRangeReviewNotComplete","ID из реального CCalculationProfileCatalog; штатные PR1/PR2/PR3/PR4","910 случаев: 30 строк x семь полей, шесть путей обоих Search consumers, четыре профиля, повтор/обратный порядок/пропуски, optional blanks, CVErr/нечисловые и overflow значения. Это активное адресное поведение; все произвольные геометрии, масштабы нагрузок и взаимодействия Config не объявляются закрытыми.",
"rngLoadCombinations.Slot16.LoadPath",,"rngLoadCombinations","Config!T19","UserInput","Enum","User load units / ID / path / profile / comment","-","PendingCatalogMapping","Пустая ячейка -> Auto","Ненулевая строка LC; полностью пустая и достоверно нулевая нагрузка пропускаются, source slot сохраняется","CLoadCombinationReader -> CUnitSystem -> реальные profiles/batch -> State/Capacity/Formation -> typed result comments/status -> CBatchResultWriter","Все шесть путей реально используются Capacity/Formation; сохраненные физические точки сверены с независимым разложением N/Mx/My, без подмены fixed пути","modTestLoadTableConfig.RunAudit03LoadTableTests","docs/regression/Audit03/load_table_diagnostic_v143_2026-10-03.txt; docs/regression/Audit03/full_off_profile_scope_final_v173_2026-10-03.txt; docs/regression/Audit03/full_on_profile_scope_final_v173_2026-10-03.txt","ActiveBehaviorAccepted:FullRangeReviewNotComplete","Auto / LambdaMx / LambdaMy / LambdaMxy / LambdaN / LambdaNMxy и штатные display aliases","910 случаев: 30 строк x семь полей, шесть путей обоих Search consumers, четыре профиля, повтор/обратный порядок/пропуски, optional blanks, CVErr/нечисловые и overflow значения. Это активное адресное поведение; все произвольные геометрии, масштабы нагрузок и взаимодействия Config не объявляются закрытыми.",
"rngLoadCombinations.Slot16.Comment",,"rngLoadCombinations","Config!U19","UserInput","Text","User load units / ID / path / profile / comment","-","PendingCatalogMapping","Пустой пользовательский комментарий разрешен","Ненулевая строка LC; полностью пустая и достоверно нулевая нагрузка пропускаются, source slot сохраняется","CLoadCombinationReader -> CUnitSystem -> реальные profiles/batch -> State/Capacity/Formation -> typed result comments/status -> CBatchResultWriter","Комментарий сохраняется без смешивания с инженерным ResultComment и следует своей строке при перестановке/пропусках","modTestLoadTableConfig.RunAudit03LoadTableTests","docs/regression/Audit03/load_table_diagnostic_v143_2026-10-03.txt; docs/regression/Audit03/full_off_profile_scope_final_v173_2026-10-03.txt; docs/regression/Audit03/full_on_profile_scope_final_v173_2026-10-03.txt","ActiveBehaviorAccepted:FullRangeReviewNotComplete","Текст пользовательского комментария; пустое значение разрешено","910 случаев: 30 строк x семь полей, шесть путей обоих Search consumers, четыре профиля, повтор/обратный порядок/пропуски, optional blanks, CVErr/нечисловые и overflow значения. Это активное адресное поведение; все произвольные геометрии, масштабы нагрузок и взаимодействия Config не объявляются закрытыми.",
"rngLoadCombinations.Slot17.CombinationID",,"rngLoadCombinations","Config!O20","UserInput","Text","User load units / ID / path / profile / comment","-","PendingCatalogMapping","Обязательное поле ненулевой строки","Ненулевая строка LC; полностью пустая и достоверно нулевая нагрузка пропускаются, source slot сохраняется","CLoadCombinationReader -> CUnitSystem -> реальные profiles/batch -> State/Capacity/Formation -> typed result comments/status -> CBatchResultWriter","ID сохраняется в своей строке Results после повторного Execute, перестановки и пропусков строк","modTestLoadTableConfig.RunAudit03LoadTableTests","docs/regression/Audit03/load_table_diagnostic_v143_2026-10-03.txt; docs/regression/Audit03/full_off_profile_scope_final_v173_2026-10-03.txt; docs/regression/Audit03/full_on_profile_scope_final_v173_2026-10-03.txt","ActiveBehaviorAccepted:FullRangeReviewNotComplete","Непустой ID для ненулевой строки; идентичность определяется source slot, не числовой сортировкой ID","910 случаев: 30 строк x семь полей, шесть путей обоих Search consumers, четыре профиля, повтор/обратный порядок/пропуски, optional blanks, CVErr/нечисловые и overflow значения. Это активное адресное поведение; все произвольные геометрии, масштабы нагрузок и взаимодействия Config не объявляются закрытыми.",
"rngLoadCombinations.Slot17.N, tf",,"rngLoadCombinations","Config!P20","UserInput","Double","User load units / ID / path / profile / comment","N","PendingCatalogMapping","Пустая ячейка -> 0; некорректный ввод не подменяется нулем","Ненулевая строка LC; полностью пустая и достоверно нулевая нагрузка пропускаются, source slot сохраняется","CLoadCombinationReader -> CUnitSystem -> реальные profiles/batch -> State/Capacity/Formation -> typed result comments/status -> CBatchResultWriter","Введенная сила дает независимо проверенные внутренний знак, величину и target состояния; участвует в физическом LambdaN/NMxy","modTestLoadTableConfig.RunAudit03LoadTableTests","docs/regression/Audit03/load_table_diagnostic_v143_2026-10-03.txt; docs/regression/Audit03/full_off_profile_scope_final_v173_2026-10-03.txt; docs/regression/Audit03/full_on_profile_scope_final_v173_2026-10-03.txt","ActiveBehaviorAccepted:FullRangeReviewNotComplete","Представимый Double; допустимый диапазон дополнительно ограничен пересчетом INPUT -> внутренние единицы","910 случаев: 30 строк x семь полей, шесть путей обоих Search consumers, четыре профиля, повтор/обратный порядок/пропуски, optional blanks, CVErr/нечисловые и overflow значения. Это активное адресное поведение; все произвольные геометрии, масштабы нагрузок и взаимодействия Config не объявляются закрытыми.",
"rngLoadCombinations.Slot17.Mx, tf*m",,"rngLoadCombinations","Config!Q20","UserInput","Double","User load units / ID / path / profile / comment","N*mm","PendingCatalogMapping","Пустая ячейка -> 0; некорректный ввод не подменяется нулем","Ненулевая строка LC; полностью пустая и достоверно нулевая нагрузка пропускаются, source slot сохраняется","CLoadCombinationReader -> CUnitSystem -> реальные profiles/batch -> State/Capacity/Formation -> typed result comments/status -> CBatchResultWriter","Введенный Mx дает независимо проверенные величину и target состояния; физические Mx/Mxy/NMxy и fixed компоненты сверяются отдельно","modTestLoadTableConfig.RunAudit03LoadTableTests","docs/regression/Audit03/load_table_diagnostic_v143_2026-10-03.txt; docs/regression/Audit03/full_off_profile_scope_final_v173_2026-10-03.txt; docs/regression/Audit03/full_on_profile_scope_final_v173_2026-10-03.txt","ActiveBehaviorAccepted:FullRangeReviewNotComplete","Представимый Double; допустимый диапазон дополнительно ограничен пересчетом INPUT -> внутренние единицы","910 случаев: 30 строк x семь полей, шесть путей обоих Search consumers, четыре профиля, повтор/обратный порядок/пропуски, optional blanks, CVErr/нечисловые и overflow значения. Это активное адресное поведение; все произвольные геометрии, масштабы нагрузок и взаимодействия Config не объявляются закрытыми.",
"rngLoadCombinations.Slot17.My, tf*m",,"rngLoadCombinations","Config!R20","UserInput","Double","User load units / ID / path / profile / comment","N*mm","PendingCatalogMapping","Пустая ячейка -> 0; некорректный ввод не подменяется нулем","Ненулевая строка LC; полностью пустая и достоверно нулевая нагрузка пропускаются, source slot сохраняется","CLoadCombinationReader -> CUnitSystem -> реальные profiles/batch -> State/Capacity/Formation -> typed result comments/status -> CBatchResultWriter","Введенный My дает независимо проверенные величину и target состояния; физические My/Mxy/NMxy и fixed компоненты сверяются отдельно","modTestLoadTableConfig.RunAudit03LoadTableTests","docs/regression/Audit03/load_table_diagnostic_v143_2026-10-03.txt; docs/regression/Audit03/full_off_profile_scope_final_v173_2026-10-03.txt; docs/regression/Audit03/full_on_profile_scope_final_v173_2026-10-03.txt","ActiveBehaviorAccepted:FullRangeReviewNotComplete","Представимый Double; допустимый диапазон дополнительно ограничен пересчетом INPUT -> внутренние единицы","910 случаев: 30 строк x семь полей, шесть путей обоих Search consumers, четыре профиля, повтор/обратный порядок/пропуски, optional blanks, CVErr/нечисловые и overflow значения. Это активное адресное поведение; все произвольные геометрии, масштабы нагрузок и взаимодействия Config не объявляются закрытыми.",
"rngLoadCombinations.Slot17.ProfileId",,"rngLoadCombinations","Config!S20","UserInput","Enum","User load units / ID / path / profile / comment","-","PendingCatalogMapping","Обязательное поле ненулевой строки","Ненулевая строка LC; полностью пустая и достоверно нулевая нагрузка пропускаются, source slot сохраняется","CLoadCombinationReader -> CUnitSystem -> реальные profiles/batch -> State/Capacity/Formation -> typed result comments/status -> CBatchResultWriter","Все четыре реальные профиля читаются каталогом и назначаются конкретному LC; active Direct/Capacity/Crack реально исполняются","modTestLoadTableConfig.RunAudit03LoadTableTests","docs/regression/Audit03/load_table_diagnostic_v143_2026-10-03.txt; docs/regression/Audit03/full_off_profile_scope_final_v173_2026-10-03.txt; docs/regression/Audit03/full_on_profile_scope_final_v173_2026-10-03.txt","ActiveBehaviorAccepted:FullRangeReviewNotComplete","ID из реального CCalculationProfileCatalog; штатные PR1/PR2/PR3/PR4","910 случаев: 30 строк x семь полей, шесть путей обоих Search consumers, четыре профиля, повтор/обратный порядок/пропуски, optional blanks, CVErr/нечисловые и overflow значения. Это активное адресное поведение; все произвольные геометрии, масштабы нагрузок и взаимодействия Config не объявляются закрытыми.",
"rngLoadCombinations.Slot17.LoadPath",,"rngLoadCombinations","Config!T20","UserInput","Enum","User load units / ID / path / profile / comment","-","PendingCatalogMapping","Пустая ячейка -> Auto","Ненулевая строка LC; полностью пустая и достоверно нулевая нагрузка пропускаются, source slot сохраняется","CLoadCombinationReader -> CUnitSystem -> реальные profiles/batch -> State/Capacity/Formation -> typed result comments/status -> CBatchResultWriter","Все шесть путей реально используются Capacity/Formation; сохраненные физические точки сверены с независимым разложением N/Mx/My, без подмены fixed пути","modTestLoadTableConfig.RunAudit03LoadTableTests","docs/regression/Audit03/load_table_diagnostic_v143_2026-10-03.txt; docs/regression/Audit03/full_off_profile_scope_final_v173_2026-10-03.txt; docs/regression/Audit03/full_on_profile_scope_final_v173_2026-10-03.txt","ActiveBehaviorAccepted:FullRangeReviewNotComplete","Auto / LambdaMx / LambdaMy / LambdaMxy / LambdaN / LambdaNMxy и штатные display aliases","910 случаев: 30 строк x семь полей, шесть путей обоих Search consumers, четыре профиля, повтор/обратный порядок/пропуски, optional blanks, CVErr/нечисловые и overflow значения. Это активное адресное поведение; все произвольные геометрии, масштабы нагрузок и взаимодействия Config не объявляются закрытыми.",
"rngLoadCombinations.Slot17.Comment",,"rngLoadCombinations","Config!U20","UserInput","Text","User load units / ID / path / profile / comment","-","PendingCatalogMapping","Пустой пользовательский комментарий разрешен","Ненулевая строка LC; полностью пустая и достоверно нулевая нагрузка пропускаются, source slot сохраняется","CLoadCombinationReader -> CUnitSystem -> реальные profiles/batch -> State/Capacity/Formation -> typed result comments/status -> CBatchResultWriter","Комментарий сохраняется без смешивания с инженерным ResultComment и следует своей строке при перестановке/пропусках","modTestLoadTableConfig.RunAudit03LoadTableTests","docs/regression/Audit03/load_table_diagnostic_v143_2026-10-03.txt; docs/regression/Audit03/full_off_profile_scope_final_v173_2026-10-03.txt; docs/regression/Audit03/full_on_profile_scope_final_v173_2026-10-03.txt","ActiveBehaviorAccepted:FullRangeReviewNotComplete","Текст пользовательского комментария; пустое значение разрешено","910 случаев: 30 строк x семь полей, шесть путей обоих Search consumers, четыре профиля, повтор/обратный порядок/пропуски, optional blanks, CVErr/нечисловые и overflow значения. Это активное адресное поведение; все произвольные геометрии, масштабы нагрузок и взаимодействия Config не объявляются закрытыми.",
"rngLoadCombinations.Slot18.CombinationID",,"rngLoadCombinations","Config!O21","UserInput","Text","User load units / ID / path / profile / comment","-","PendingCatalogMapping","Обязательное поле ненулевой строки","Ненулевая строка LC; полностью пустая и достоверно нулевая нагрузка пропускаются, source slot сохраняется","CLoadCombinationReader -> CUnitSystem -> реальные profiles/batch -> State/Capacity/Formation -> typed result comments/status -> CBatchResultWriter","ID сохраняется в своей строке Results после повторного Execute, перестановки и пропусков строк","modTestLoadTableConfig.RunAudit03LoadTableTests","docs/regression/Audit03/load_table_diagnostic_v143_2026-10-03.txt; docs/regression/Audit03/full_off_profile_scope_final_v173_2026-10-03.txt; docs/regression/Audit03/full_on_profile_scope_final_v173_2026-10-03.txt","ActiveBehaviorAccepted:FullRangeReviewNotComplete","Непустой ID для ненулевой строки; идентичность определяется source slot, не числовой сортировкой ID","910 случаев: 30 строк x семь полей, шесть путей обоих Search consumers, четыре профиля, повтор/обратный порядок/пропуски, optional blanks, CVErr/нечисловые и overflow значения. Это активное адресное поведение; все произвольные геометрии, масштабы нагрузок и взаимодействия Config не объявляются закрытыми.",
"rngLoadCombinations.Slot18.N, tf",,"rngLoadCombinations","Config!P21","UserInput","Double","User load units / ID / path / profile / comment","N","PendingCatalogMapping","Пустая ячейка -> 0; некорректный ввод не подменяется нулем","Ненулевая строка LC; полностью пустая и достоверно нулевая нагрузка пропускаются, source slot сохраняется","CLoadCombinationReader -> CUnitSystem -> реальные profiles/batch -> State/Capacity/Formation -> typed result comments/status -> CBatchResultWriter","Введенная сила дает независимо проверенные внутренний знак, величину и target состояния; участвует в физическом LambdaN/NMxy","modTestLoadTableConfig.RunAudit03LoadTableTests","docs/regression/Audit03/load_table_diagnostic_v143_2026-10-03.txt; docs/regression/Audit03/full_off_profile_scope_final_v173_2026-10-03.txt; docs/regression/Audit03/full_on_profile_scope_final_v173_2026-10-03.txt","ActiveBehaviorAccepted:FullRangeReviewNotComplete","Представимый Double; допустимый диапазон дополнительно ограничен пересчетом INPUT -> внутренние единицы","910 случаев: 30 строк x семь полей, шесть путей обоих Search consumers, четыре профиля, повтор/обратный порядок/пропуски, optional blanks, CVErr/нечисловые и overflow значения. Это активное адресное поведение; все произвольные геометрии, масштабы нагрузок и взаимодействия Config не объявляются закрытыми.",
"rngLoadCombinations.Slot18.Mx, tf*m",,"rngLoadCombinations","Config!Q21","UserInput","Double","User load units / ID / path / profile / comment","N*mm","PendingCatalogMapping","Пустая ячейка -> 0; некорректный ввод не подменяется нулем","Ненулевая строка LC; полностью пустая и достоверно нулевая нагрузка пропускаются, source slot сохраняется","CLoadCombinationReader -> CUnitSystem -> реальные profiles/batch -> State/Capacity/Formation -> typed result comments/status -> CBatchResultWriter","Введенный Mx дает независимо проверенные величину и target состояния; физические Mx/Mxy/NMxy и fixed компоненты сверяются отдельно","modTestLoadTableConfig.RunAudit03LoadTableTests","docs/regression/Audit03/load_table_diagnostic_v143_2026-10-03.txt; docs/regression/Audit03/full_off_profile_scope_final_v173_2026-10-03.txt; docs/regression/Audit03/full_on_profile_scope_final_v173_2026-10-03.txt","ActiveBehaviorAccepted:FullRangeReviewNotComplete","Представимый Double; допустимый диапазон дополнительно ограничен пересчетом INPUT -> внутренние единицы","910 случаев: 30 строк x семь полей, шесть путей обоих Search consumers, четыре профиля, повтор/обратный порядок/пропуски, optional blanks, CVErr/нечисловые и overflow значения. Это активное адресное поведение; все произвольные геометрии, масштабы нагрузок и взаимодействия Config не объявляются закрытыми.",
"rngLoadCombinations.Slot18.My, tf*m",,"rngLoadCombinations","Config!R21","UserInput","Double","User load units / ID / path / profile / comment","N*mm","PendingCatalogMapping","Пустая ячейка -> 0; некорректный ввод не подменяется нулем","Ненулевая строка LC; полностью пустая и достоверно нулевая нагрузка пропускаются, source slot сохраняется","CLoadCombinationReader -> CUnitSystem -> реальные profiles/batch -> State/Capacity/Formation -> typed result comments/status -> CBatchResultWriter","Введенный My дает независимо проверенные величину и target состояния; физические My/Mxy/NMxy и fixed компоненты сверяются отдельно","modTestLoadTableConfig.RunAudit03LoadTableTests","docs/regression/Audit03/load_table_diagnostic_v143_2026-10-03.txt; docs/regression/Audit03/full_off_profile_scope_final_v173_2026-10-03.txt; docs/regression/Audit03/full_on_profile_scope_final_v173_2026-10-03.txt","ActiveBehaviorAccepted:FullRangeReviewNotComplete","Представимый Double; допустимый диапазон дополнительно ограничен пересчетом INPUT -> внутренние единицы","910 случаев: 30 строк x семь полей, шесть путей обоих Search consumers, четыре профиля, повтор/обратный порядок/пропуски, optional blanks, CVErr/нечисловые и overflow значения. Это активное адресное поведение; все произвольные геометрии, масштабы нагрузок и взаимодействия Config не объявляются закрытыми.",
"rngLoadCombinations.Slot18.ProfileId",,"rngLoadCombinations","Config!S21","UserInput","Enum","User load units / ID / path / profile / comment","-","PendingCatalogMapping","Обязательное поле ненулевой строки","Ненулевая строка LC; полностью пустая и достоверно нулевая нагрузка пропускаются, source slot сохраняется","CLoadCombinationReader -> CUnitSystem -> реальные profiles/batch -> State/Capacity/Formation -> typed result comments/status -> CBatchResultWriter","Все четыре реальные профиля читаются каталогом и назначаются конкретному LC; active Direct/Capacity/Crack реально исполняются","modTestLoadTableConfig.RunAudit03LoadTableTests","docs/regression/Audit03/load_table_diagnostic_v143_2026-10-03.txt; docs/regression/Audit03/full_off_profile_scope_final_v173_2026-10-03.txt; docs/regression/Audit03/full_on_profile_scope_final_v173_2026-10-03.txt","ActiveBehaviorAccepted:FullRangeReviewNotComplete","ID из реального CCalculationProfileCatalog; штатные PR1/PR2/PR3/PR4","910 случаев: 30 строк x семь полей, шесть путей обоих Search consumers, четыре профиля, повтор/обратный порядок/пропуски, optional blanks, CVErr/нечисловые и overflow значения. Это активное адресное поведение; все произвольные геометрии, масштабы нагрузок и взаимодействия Config не объявляются закрытыми.",
"rngLoadCombinations.Slot18.LoadPath",,"rngLoadCombinations","Config!T21","UserInput","Enum","User load units / ID / path / profile / comment","-","PendingCatalogMapping","Пустая ячейка -> Auto","Ненулевая строка LC; полностью пустая и достоверно нулевая нагрузка пропускаются, source slot сохраняется","CLoadCombinationReader -> CUnitSystem -> реальные profiles/batch -> State/Capacity/Formation -> typed result comments/status -> CBatchResultWriter","Все шесть путей реально используются Capacity/Formation; сохраненные физические точки сверены с независимым разложением N/Mx/My, без подмены fixed пути","modTestLoadTableConfig.RunAudit03LoadTableTests","docs/regression/Audit03/load_table_diagnostic_v143_2026-10-03.txt; docs/regression/Audit03/full_off_profile_scope_final_v173_2026-10-03.txt; docs/regression/Audit03/full_on_profile_scope_final_v173_2026-10-03.txt","ActiveBehaviorAccepted:FullRangeReviewNotComplete","Auto / LambdaMx / LambdaMy / LambdaMxy / LambdaN / LambdaNMxy и штатные display aliases","910 случаев: 30 строк x семь полей, шесть путей обоих Search consumers, четыре профиля, повтор/обратный порядок/пропуски, optional blanks, CVErr/нечисловые и overflow значения. Это активное адресное поведение; все произвольные геометрии, масштабы нагрузок и взаимодействия Config не объявляются закрытыми.",
"rngLoadCombinations.Slot18.Comment",,"rngLoadCombinations","Config!U21","UserInput","Text","User load units / ID / path / profile / comment","-","PendingCatalogMapping","Пустой пользовательский комментарий разрешен","Ненулевая строка LC; полностью пустая и достоверно нулевая нагрузка пропускаются, source slot сохраняется","CLoadCombinationReader -> CUnitSystem -> реальные profiles/batch -> State/Capacity/Formation -> typed result comments/status -> CBatchResultWriter","Комментарий сохраняется без смешивания с инженерным ResultComment и следует своей строке при перестановке/пропусках","modTestLoadTableConfig.RunAudit03LoadTableTests","docs/regression/Audit03/load_table_diagnostic_v143_2026-10-03.txt; docs/regression/Audit03/full_off_profile_scope_final_v173_2026-10-03.txt; docs/regression/Audit03/full_on_profile_scope_final_v173_2026-10-03.txt","ActiveBehaviorAccepted:FullRangeReviewNotComplete","Текст пользовательского комментария; пустое значение разрешено","910 случаев: 30 строк x семь полей, шесть путей обоих Search consumers, четыре профиля, повтор/обратный порядок/пропуски, optional blanks, CVErr/нечисловые и overflow значения. Это активное адресное поведение; все произвольные геометрии, масштабы нагрузок и взаимодействия Config не объявляются закрытыми.",
"rngLoadCombinations.Slot19.CombinationID",,"rngLoadCombinations","Config!O22","UserInput","Text","User load units / ID / path / profile / comment","-","PendingCatalogMapping","Обязательное поле ненулевой строки","Ненулевая строка LC; полностью пустая и достоверно нулевая нагрузка пропускаются, source slot сохраняется","CLoadCombinationReader -> CUnitSystem -> реальные profiles/batch -> State/Capacity/Formation -> typed result comments/status -> CBatchResultWriter","ID сохраняется в своей строке Results после повторного Execute, перестановки и пропусков строк","modTestLoadTableConfig.RunAudit03LoadTableTests","docs/regression/Audit03/load_table_diagnostic_v143_2026-10-03.txt; docs/regression/Audit03/full_off_profile_scope_final_v173_2026-10-03.txt; docs/regression/Audit03/full_on_profile_scope_final_v173_2026-10-03.txt","ActiveBehaviorAccepted:FullRangeReviewNotComplete","Непустой ID для ненулевой строки; идентичность определяется source slot, не числовой сортировкой ID","910 случаев: 30 строк x семь полей, шесть путей обоих Search consumers, четыре профиля, повтор/обратный порядок/пропуски, optional blanks, CVErr/нечисловые и overflow значения. Это активное адресное поведение; все произвольные геометрии, масштабы нагрузок и взаимодействия Config не объявляются закрытыми.",
"rngLoadCombinations.Slot19.N, tf",,"rngLoadCombinations","Config!P22","UserInput","Double","User load units / ID / path / profile / comment","N","PendingCatalogMapping","Пустая ячейка -> 0; некорректный ввод не подменяется нулем","Ненулевая строка LC; полностью пустая и достоверно нулевая нагрузка пропускаются, source slot сохраняется","CLoadCombinationReader -> CUnitSystem -> реальные profiles/batch -> State/Capacity/Formation -> typed result comments/status -> CBatchResultWriter","Введенная сила дает независимо проверенные внутренний знак, величину и target состояния; участвует в физическом LambdaN/NMxy","modTestLoadTableConfig.RunAudit03LoadTableTests","docs/regression/Audit03/load_table_diagnostic_v143_2026-10-03.txt; docs/regression/Audit03/full_off_profile_scope_final_v173_2026-10-03.txt; docs/regression/Audit03/full_on_profile_scope_final_v173_2026-10-03.txt","ActiveBehaviorAccepted:FullRangeReviewNotComplete","Представимый Double; допустимый диапазон дополнительно ограничен пересчетом INPUT -> внутренние единицы","910 случаев: 30 строк x семь полей, шесть путей обоих Search consumers, четыре профиля, повтор/обратный порядок/пропуски, optional blanks, CVErr/нечисловые и overflow значения. Это активное адресное поведение; все произвольные геометрии, масштабы нагрузок и взаимодействия Config не объявляются закрытыми.",
"rngLoadCombinations.Slot19.Mx, tf*m",,"rngLoadCombinations","Config!Q22","UserInput","Double","User load units / ID / path / profile / comment","N*mm","PendingCatalogMapping","Пустая ячейка -> 0; некорректный ввод не подменяется нулем","Ненулевая строка LC; полностью пустая и достоверно нулевая нагрузка пропускаются, source slot сохраняется","CLoadCombinationReader -> CUnitSystem -> реальные profiles/batch -> State/Capacity/Formation -> typed result comments/status -> CBatchResultWriter","Введенный Mx дает независимо проверенные величину и target состояния; физические Mx/Mxy/NMxy и fixed компоненты сверяются отдельно","modTestLoadTableConfig.RunAudit03LoadTableTests","docs/regression/Audit03/load_table_diagnostic_v143_2026-10-03.txt; docs/regression/Audit03/full_off_profile_scope_final_v173_2026-10-03.txt; docs/regression/Audit03/full_on_profile_scope_final_v173_2026-10-03.txt","ActiveBehaviorAccepted:FullRangeReviewNotComplete","Представимый Double; допустимый диапазон дополнительно ограничен пересчетом INPUT -> внутренние единицы","910 случаев: 30 строк x семь полей, шесть путей обоих Search consumers, четыре профиля, повтор/обратный порядок/пропуски, optional blanks, CVErr/нечисловые и overflow значения. Это активное адресное поведение; все произвольные геометрии, масштабы нагрузок и взаимодействия Config не объявляются закрытыми.",
"rngLoadCombinations.Slot19.My, tf*m",,"rngLoadCombinations","Config!R22","UserInput","Double","User load units / ID / path / profile / comment","N*mm","PendingCatalogMapping","Пустая ячейка -> 0; некорректный ввод не подменяется нулем","Ненулевая строка LC; полностью пустая и достоверно нулевая нагрузка пропускаются, source slot сохраняется","CLoadCombinationReader -> CUnitSystem -> реальные profiles/batch -> State/Capacity/Formation -> typed result comments/status -> CBatchResultWriter","Введенный My дает независимо проверенные величину и target состояния; физические My/Mxy/NMxy и fixed компоненты сверяются отдельно","modTestLoadTableConfig.RunAudit03LoadTableTests","docs/regression/Audit03/load_table_diagnostic_v143_2026-10-03.txt; docs/regression/Audit03/full_off_profile_scope_final_v173_2026-10-03.txt; docs/regression/Audit03/full_on_profile_scope_final_v173_2026-10-03.txt","ActiveBehaviorAccepted:FullRangeReviewNotComplete","Представимый Double; допустимый диапазон дополнительно ограничен пересчетом INPUT -> внутренние единицы","910 случаев: 30 строк x семь полей, шесть путей обоих Search consumers, четыре профиля, повтор/обратный порядок/пропуски, optional blanks, CVErr/нечисловые и overflow значения. Это активное адресное поведение; все произвольные геометрии, масштабы нагрузок и взаимодействия Config не объявляются закрытыми.",
"rngLoadCombinations.Slot19.ProfileId",,"rngLoadCombinations","Config!S22","UserInput","Enum","User load units / ID / path / profile / comment","-","PendingCatalogMapping","Обязательное поле ненулевой строки","Ненулевая строка LC; полностью пустая и достоверно нулевая нагрузка пропускаются, source slot сохраняется","CLoadCombinationReader -> CUnitSystem -> реальные profiles/batch -> State/Capacity/Formation -> typed result comments/status -> CBatchResultWriter","Все четыре реальные профиля читаются каталогом и назначаются конкретному LC; active Direct/Capacity/Crack реально исполняются","modTestLoadTableConfig.RunAudit03LoadTableTests","docs/regression/Audit03/load_table_diagnostic_v143_2026-10-03.txt; docs/regression/Audit03/full_off_profile_scope_final_v173_2026-10-03.txt; docs/regression/Audit03/full_on_profile_scope_final_v173_2026-10-03.txt","ActiveBehaviorAccepted:FullRangeReviewNotComplete","ID из реального CCalculationProfileCatalog; штатные PR1/PR2/PR3/PR4","910 случаев: 30 строк x семь полей, шесть путей обоих Search consumers, четыре профиля, повтор/обратный порядок/пропуски, optional blanks, CVErr/нечисловые и overflow значения. Это активное адресное поведение; все произвольные геометрии, масштабы нагрузок и взаимодействия Config не объявляются закрытыми.",
"rngLoadCombinations.Slot19.LoadPath",,"rngLoadCombinations","Config!T22","UserInput","Enum","User load units / ID / path / profile / comment","-","PendingCatalogMapping","Пустая ячейка -> Auto","Ненулевая строка LC; полностью пустая и достоверно нулевая нагрузка пропускаются, source slot сохраняется","CLoadCombinationReader -> CUnitSystem -> реальные profiles/batch -> State/Capacity/Formation -> typed result comments/status -> CBatchResultWriter","Все шесть путей реально используются Capacity/Formation; сохраненные физические точки сверены с независимым разложением N/Mx/My, без подмены fixed пути","modTestLoadTableConfig.RunAudit03LoadTableTests","docs/regression/Audit03/load_table_diagnostic_v143_2026-10-03.txt; docs/regression/Audit03/full_off_profile_scope_final_v173_2026-10-03.txt; docs/regression/Audit03/full_on_profile_scope_final_v173_2026-10-03.txt","ActiveBehaviorAccepted:FullRangeReviewNotComplete","Auto / LambdaMx / LambdaMy / LambdaMxy / LambdaN / LambdaNMxy и штатные display aliases","910 случаев: 30 строк x семь полей, шесть путей обоих Search consumers, четыре профиля, повтор/обратный порядок/пропуски, optional blanks, CVErr/нечисловые и overflow значения. Это активное адресное поведение; все произвольные геометрии, масштабы нагрузок и взаимодействия Config не объявляются закрытыми.",
"rngLoadCombinations.Slot19.Comment",,"rngLoadCombinations","Config!U22","UserInput","Text","User load units / ID / path / profile / comment","-","PendingCatalogMapping","Пустой пользовательский комментарий разрешен","Ненулевая строка LC; полностью пустая и достоверно нулевая нагрузка пропускаются, source slot сохраняется","CLoadCombinationReader -> CUnitSystem -> реальные profiles/batch -> State/Capacity/Formation -> typed result comments/status -> CBatchResultWriter","Комментарий сохраняется без смешивания с инженерным ResultComment и следует своей строке при перестановке/пропусках","modTestLoadTableConfig.RunAudit03LoadTableTests","docs/regression/Audit03/load_table_diagnostic_v143_2026-10-03.txt; docs/regression/Audit03/full_off_profile_scope_final_v173_2026-10-03.txt; docs/regression/Audit03/full_on_profile_scope_final_v173_2026-10-03.txt","ActiveBehaviorAccepted:FullRangeReviewNotComplete","Текст пользовательского комментария; пустое значение разрешено","910 случаев: 30 строк x семь полей, шесть путей обоих Search consumers, четыре профиля, повтор/обратный порядок/пропуски, optional blanks, CVErr/нечисловые и overflow значения. Это активное адресное поведение; все произвольные геометрии, масштабы нагрузок и взаимодействия Config не объявляются закрытыми.",
"rngLoadCombinations.Slot20.CombinationID",,"rngLoadCombinations","Config!O23","UserInput","Text","User load units / ID / path / profile / comment","-","PendingCatalogMapping","Обязательное поле ненулевой строки","Ненулевая строка LC; полностью пустая и достоверно нулевая нагрузка пропускаются, source slot сохраняется","CLoadCombinationReader -> CUnitSystem -> реальные profiles/batch -> State/Capacity/Formation -> typed result comments/status -> CBatchResultWriter","ID сохраняется в своей строке Results после повторного Execute, перестановки и пропусков строк","modTestLoadTableConfig.RunAudit03LoadTableTests","docs/regression/Audit03/load_table_diagnostic_v143_2026-10-03.txt; docs/regression/Audit03/full_off_profile_scope_final_v173_2026-10-03.txt; docs/regression/Audit03/full_on_profile_scope_final_v173_2026-10-03.txt","ActiveBehaviorAccepted:FullRangeReviewNotComplete","Непустой ID для ненулевой строки; идентичность определяется source slot, не числовой сортировкой ID","910 случаев: 30 строк x семь полей, шесть путей обоих Search consumers, четыре профиля, повтор/обратный порядок/пропуски, optional blanks, CVErr/нечисловые и overflow значения. Это активное адресное поведение; все произвольные геометрии, масштабы нагрузок и взаимодействия Config не объявляются закрытыми.",
"rngLoadCombinations.Slot20.N, tf",,"rngLoadCombinations","Config!P23","UserInput","Double","User load units / ID / path / profile / comment","N","PendingCatalogMapping","Пустая ячейка -> 0; некорректный ввод не подменяется нулем","Ненулевая строка LC; полностью пустая и достоверно нулевая нагрузка пропускаются, source slot сохраняется","CLoadCombinationReader -> CUnitSystem -> реальные profiles/batch -> State/Capacity/Formation -> typed result comments/status -> CBatchResultWriter","Введенная сила дает независимо проверенные внутренний знак, величину и target состояния; участвует в физическом LambdaN/NMxy","modTestLoadTableConfig.RunAudit03LoadTableTests","docs/regression/Audit03/load_table_diagnostic_v143_2026-10-03.txt; docs/regression/Audit03/full_off_profile_scope_final_v173_2026-10-03.txt; docs/regression/Audit03/full_on_profile_scope_final_v173_2026-10-03.txt","ActiveBehaviorAccepted:FullRangeReviewNotComplete","Представимый Double; допустимый диапазон дополнительно ограничен пересчетом INPUT -> внутренние единицы","910 случаев: 30 строк x семь полей, шесть путей обоих Search consumers, четыре профиля, повтор/обратный порядок/пропуски, optional blanks, CVErr/нечисловые и overflow значения. Это активное адресное поведение; все произвольные геометрии, масштабы нагрузок и взаимодействия Config не объявляются закрытыми.",
"rngLoadCombinations.Slot20.Mx, tf*m",,"rngLoadCombinations","Config!Q23","UserInput","Double","User load units / ID / path / profile / comment","N*mm","PendingCatalogMapping","Пустая ячейка -> 0; некорректный ввод не подменяется нулем","Ненулевая строка LC; полностью пустая и достоверно нулевая нагрузка пропускаются, source slot сохраняется","CLoadCombinationReader -> CUnitSystem -> реальные profiles/batch -> State/Capacity/Formation -> typed result comments/status -> CBatchResultWriter","Введенный Mx дает независимо проверенные величину и target состояния; физические Mx/Mxy/NMxy и fixed компоненты сверяются отдельно","modTestLoadTableConfig.RunAudit03LoadTableTests","docs/regression/Audit03/load_table_diagnostic_v143_2026-10-03.txt; docs/regression/Audit03/full_off_profile_scope_final_v173_2026-10-03.txt; docs/regression/Audit03/full_on_profile_scope_final_v173_2026-10-03.txt","ActiveBehaviorAccepted:FullRangeReviewNotComplete","Представимый Double; допустимый диапазон дополнительно ограничен пересчетом INPUT -> внутренние единицы","910 случаев: 30 строк x семь полей, шесть путей обоих Search consumers, четыре профиля, повтор/обратный порядок/пропуски, optional blanks, CVErr/нечисловые и overflow значения. Это активное адресное поведение; все произвольные геометрии, масштабы нагрузок и взаимодействия Config не объявляются закрытыми.",
"rngLoadCombinations.Slot20.My, tf*m",,"rngLoadCombinations","Config!R23","UserInput","Double","User load units / ID / path / profile / comment","N*mm","PendingCatalogMapping","Пустая ячейка -> 0; некорректный ввод не подменяется нулем","Ненулевая строка LC; полностью пустая и достоверно нулевая нагрузка пропускаются, source slot сохраняется","CLoadCombinationReader -> CUnitSystem -> реальные profiles/batch -> State/Capacity/Formation -> typed result comments/status -> CBatchResultWriter","Введенный My дает независимо проверенные величину и target состояния; физические My/Mxy/NMxy и fixed компоненты сверяются отдельно","modTestLoadTableConfig.RunAudit03LoadTableTests","docs/regression/Audit03/load_table_diagnostic_v143_2026-10-03.txt; docs/regression/Audit03/full_off_profile_scope_final_v173_2026-10-03.txt; docs/regression/Audit03/full_on_profile_scope_final_v173_2026-10-03.txt","ActiveBehaviorAccepted:FullRangeReviewNotComplete","Представимый Double; допустимый диапазон дополнительно ограничен пересчетом INPUT -> внутренние единицы","910 случаев: 30 строк x семь полей, шесть путей обоих Search consumers, четыре профиля, повтор/обратный порядок/пропуски, optional blanks, CVErr/нечисловые и overflow значения. Это активное адресное поведение; все произвольные геометрии, масштабы нагрузок и взаимодействия Config не объявляются закрытыми.",
"rngLoadCombinations.Slot20.ProfileId",,"rngLoadCombinations","Config!S23","UserInput","Enum","User load units / ID / path / profile / comment","-","PendingCatalogMapping","Обязательное поле ненулевой строки","Ненулевая строка LC; полностью пустая и достоверно нулевая нагрузка пропускаются, source slot сохраняется","CLoadCombinationReader -> CUnitSystem -> реальные profiles/batch -> State/Capacity/Formation -> typed result comments/status -> CBatchResultWriter","Все четыре реальные профиля читаются каталогом и назначаются конкретному LC; active Direct/Capacity/Crack реально исполняются","modTestLoadTableConfig.RunAudit03LoadTableTests","docs/regression/Audit03/load_table_diagnostic_v143_2026-10-03.txt; docs/regression/Audit03/full_off_profile_scope_final_v173_2026-10-03.txt; docs/regression/Audit03/full_on_profile_scope_final_v173_2026-10-03.txt","ActiveBehaviorAccepted:FullRangeReviewNotComplete","ID из реального CCalculationProfileCatalog; штатные PR1/PR2/PR3/PR4","910 случаев: 30 строк x семь полей, шесть путей обоих Search consumers, четыре профиля, повтор/обратный порядок/пропуски, optional blanks, CVErr/нечисловые и overflow значения. Это активное адресное поведение; все произвольные геометрии, масштабы нагрузок и взаимодействия Config не объявляются закрытыми.",
"rngLoadCombinations.Slot20.LoadPath",,"rngLoadCombinations","Config!T23","UserInput","Enum","User load units / ID / path / profile / comment","-","PendingCatalogMapping","Пустая ячейка -> Auto","Ненулевая строка LC; полностью пустая и достоверно нулевая нагрузка пропускаются, source slot сохраняется","CLoadCombinationReader -> CUnitSystem -> реальные profiles/batch -> State/Capacity/Formation -> typed result comments/status -> CBatchResultWriter","Все шесть путей реально используются Capacity/Formation; сохраненные физические точки сверены с независимым разложением N/Mx/My, без подмены fixed пути","modTestLoadTableConfig.RunAudit03LoadTableTests","docs/regression/Audit03/load_table_diagnostic_v143_2026-10-03.txt; docs/regression/Audit03/full_off_profile_scope_final_v173_2026-10-03.txt; docs/regression/Audit03/full_on_profile_scope_final_v173_2026-10-03.txt","ActiveBehaviorAccepted:FullRangeReviewNotComplete","Auto / LambdaMx / LambdaMy / LambdaMxy / LambdaN / LambdaNMxy и штатные display aliases","910 случаев: 30 строк x семь полей, шесть путей обоих Search consumers, четыре профиля, повтор/обратный порядок/пропуски, optional blanks, CVErr/нечисловые и overflow значения. Это активное адресное поведение; все произвольные геометрии, масштабы нагрузок и взаимодействия Config не объявляются закрытыми.",
"rngLoadCombinations.Slot20.Comment",,"rngLoadCombinations","Config!U23","UserInput","Text","User load units / ID / path / profile / comment","-","PendingCatalogMapping","Пустой пользовательский комментарий разрешен","Ненулевая строка LC; полностью пустая и достоверно нулевая нагрузка пропускаются, source slot сохраняется","CLoadCombinationReader -> CUnitSystem -> реальные profiles/batch -> State/Capacity/Formation -> typed result comments/status -> CBatchResultWriter","Комментарий сохраняется без смешивания с инженерным ResultComment и следует своей строке при перестановке/пропусках","modTestLoadTableConfig.RunAudit03LoadTableTests","docs/regression/Audit03/load_table_diagnostic_v143_2026-10-03.txt; docs/regression/Audit03/full_off_profile_scope_final_v173_2026-10-03.txt; docs/regression/Audit03/full_on_profile_scope_final_v173_2026-10-03.txt","ActiveBehaviorAccepted:FullRangeReviewNotComplete","Текст пользовательского комментария; пустое значение разрешено","910 случаев: 30 строк x семь полей, шесть путей обоих Search consumers, четыре профиля, повтор/обратный порядок/пропуски, optional blanks, CVErr/нечисловые и overflow значения. Это активное адресное поведение; все произвольные геометрии, масштабы нагрузок и взаимодействия Config не объявляются закрытыми.",
"rngLoadCombinations.Slot21.CombinationID",,"rngLoadCombinations","Config!O24","UserInput","Text","User load units / ID / path / profile / comment","-","PendingCatalogMapping","Обязательное поле ненулевой строки","Ненулевая строка LC; полностью пустая и достоверно нулевая нагрузка пропускаются, source slot сохраняется","CLoadCombinationReader -> CUnitSystem -> реальные profiles/batch -> State/Capacity/Formation -> typed result comments/status -> CBatchResultWriter","ID сохраняется в своей строке Results после повторного Execute, перестановки и пропусков строк","modTestLoadTableConfig.RunAudit03LoadTableTests","docs/regression/Audit03/load_table_diagnostic_v143_2026-10-03.txt; docs/regression/Audit03/full_off_profile_scope_final_v173_2026-10-03.txt; docs/regression/Audit03/full_on_profile_scope_final_v173_2026-10-03.txt","ActiveBehaviorAccepted:FullRangeReviewNotComplete","Непустой ID для ненулевой строки; идентичность определяется source slot, не числовой сортировкой ID","910 случаев: 30 строк x семь полей, шесть путей обоих Search consumers, четыре профиля, повтор/обратный порядок/пропуски, optional blanks, CVErr/нечисловые и overflow значения. Это активное адресное поведение; все произвольные геометрии, масштабы нагрузок и взаимодействия Config не объявляются закрытыми.",
"rngLoadCombinations.Slot21.N, tf",,"rngLoadCombinations","Config!P24","UserInput","Double","User load units / ID / path / profile / comment","N","PendingCatalogMapping","Пустая ячейка -> 0; некорректный ввод не подменяется нулем","Ненулевая строка LC; полностью пустая и достоверно нулевая нагрузка пропускаются, source slot сохраняется","CLoadCombinationReader -> CUnitSystem -> реальные profiles/batch -> State/Capacity/Formation -> typed result comments/status -> CBatchResultWriter","Введенная сила дает независимо проверенные внутренний знак, величину и target состояния; участвует в физическом LambdaN/NMxy","modTestLoadTableConfig.RunAudit03LoadTableTests","docs/regression/Audit03/load_table_diagnostic_v143_2026-10-03.txt; docs/regression/Audit03/full_off_profile_scope_final_v173_2026-10-03.txt; docs/regression/Audit03/full_on_profile_scope_final_v173_2026-10-03.txt","ActiveBehaviorAccepted:FullRangeReviewNotComplete","Представимый Double; допустимый диапазон дополнительно ограничен пересчетом INPUT -> внутренние единицы","910 случаев: 30 строк x семь полей, шесть путей обоих Search consumers, четыре профиля, повтор/обратный порядок/пропуски, optional blanks, CVErr/нечисловые и overflow значения. Это активное адресное поведение; все произвольные геометрии, масштабы нагрузок и взаимодействия Config не объявляются закрытыми.",
"rngLoadCombinations.Slot21.Mx, tf*m",,"rngLoadCombinations","Config!Q24","UserInput","Double","User load units / ID / path / profile / comment","N*mm","PendingCatalogMapping","Пустая ячейка -> 0; некорректный ввод не подменяется нулем","Ненулевая строка LC; полностью пустая и достоверно нулевая нагрузка пропускаются, source slot сохраняется","CLoadCombinationReader -> CUnitSystem -> реальные profiles/batch -> State/Capacity/Formation -> typed result comments/status -> CBatchResultWriter","Введенный Mx дает независимо проверенные величину и target состояния; физические Mx/Mxy/NMxy и fixed компоненты сверяются отдельно","modTestLoadTableConfig.RunAudit03LoadTableTests","docs/regression/Audit03/load_table_diagnostic_v143_2026-10-03.txt; docs/regression/Audit03/full_off_profile_scope_final_v173_2026-10-03.txt; docs/regression/Audit03/full_on_profile_scope_final_v173_2026-10-03.txt","ActiveBehaviorAccepted:FullRangeReviewNotComplete","Представимый Double; допустимый диапазон дополнительно ограничен пересчетом INPUT -> внутренние единицы","910 случаев: 30 строк x семь полей, шесть путей обоих Search consumers, четыре профиля, повтор/обратный порядок/пропуски, optional blanks, CVErr/нечисловые и overflow значения. Это активное адресное поведение; все произвольные геометрии, масштабы нагрузок и взаимодействия Config не объявляются закрытыми.",
"rngLoadCombinations.Slot21.My, tf*m",,"rngLoadCombinations","Config!R24","UserInput","Double","User load units / ID / path / profile / comment","N*mm","PendingCatalogMapping","Пустая ячейка -> 0; некорректный ввод не подменяется нулем","Ненулевая строка LC; полностью пустая и достоверно нулевая нагрузка пропускаются, source slot сохраняется","CLoadCombinationReader -> CUnitSystem -> реальные profiles/batch -> State/Capacity/Formation -> typed result comments/status -> CBatchResultWriter","Введенный My дает независимо проверенные величину и target состояния; физические My/Mxy/NMxy и fixed компоненты сверяются отдельно","modTestLoadTableConfig.RunAudit03LoadTableTests","docs/regression/Audit03/load_table_diagnostic_v143_2026-10-03.txt; docs/regression/Audit03/full_off_profile_scope_final_v173_2026-10-03.txt; docs/regression/Audit03/full_on_profile_scope_final_v173_2026-10-03.txt","ActiveBehaviorAccepted:FullRangeReviewNotComplete","Представимый Double; допустимый диапазон дополнительно ограничен пересчетом INPUT -> внутренние единицы","910 случаев: 30 строк x семь полей, шесть путей обоих Search consumers, четыре профиля, повтор/обратный порядок/пропуски, optional blanks, CVErr/нечисловые и overflow значения. Это активное адресное поведение; все произвольные геометрии, масштабы нагрузок и взаимодействия Config не объявляются закрытыми.",
"rngLoadCombinations.Slot21.ProfileId",,"rngLoadCombinations","Config!S24","UserInput","Enum","User load units / ID / path / profile / comment","-","PendingCatalogMapping","Обязательное поле ненулевой строки","Ненулевая строка LC; полностью пустая и достоверно нулевая нагрузка пропускаются, source slot сохраняется","CLoadCombinationReader -> CUnitSystem -> реальные profiles/batch -> State/Capacity/Formation -> typed result comments/status -> CBatchResultWriter","Все четыре реальные профиля читаются каталогом и назначаются конкретному LC; active Direct/Capacity/Crack реально исполняются","modTestLoadTableConfig.RunAudit03LoadTableTests","docs/regression/Audit03/load_table_diagnostic_v143_2026-10-03.txt; docs/regression/Audit03/full_off_profile_scope_final_v173_2026-10-03.txt; docs/regression/Audit03/full_on_profile_scope_final_v173_2026-10-03.txt","ActiveBehaviorAccepted:FullRangeReviewNotComplete","ID из реального CCalculationProfileCatalog; штатные PR1/PR2/PR3/PR4","910 случаев: 30 строк x семь полей, шесть путей обоих Search consumers, четыре профиля, повтор/обратный порядок/пропуски, optional blanks, CVErr/нечисловые и overflow значения. Это активное адресное поведение; все произвольные геометрии, масштабы нагрузок и взаимодействия Config не объявляются закрытыми.",
"rngLoadCombinations.Slot21.LoadPath",,"rngLoadCombinations","Config!T24","UserInput","Enum","User load units / ID / path / profile / comment","-","PendingCatalogMapping","Пустая ячейка -> Auto","Ненулевая строка LC; полностью пустая и достоверно нулевая нагрузка пропускаются, source slot сохраняется","CLoadCombinationReader -> CUnitSystem -> реальные profiles/batch -> State/Capacity/Formation -> typed result comments/status -> CBatchResultWriter","Все шесть путей реально используются Capacity/Formation; сохраненные физические точки сверены с независимым разложением N/Mx/My, без подмены fixed пути","modTestLoadTableConfig.RunAudit03LoadTableTests","docs/regression/Audit03/load_table_diagnostic_v143_2026-10-03.txt; docs/regression/Audit03/full_off_profile_scope_final_v173_2026-10-03.txt; docs/regression/Audit03/full_on_profile_scope_final_v173_2026-10-03.txt","ActiveBehaviorAccepted:FullRangeReviewNotComplete","Auto / LambdaMx / LambdaMy / LambdaMxy / LambdaN / LambdaNMxy и штатные display aliases","910 случаев: 30 строк x семь полей, шесть путей обоих Search consumers, четыре профиля, повтор/обратный порядок/пропуски, optional blanks, CVErr/нечисловые и overflow значения. Это активное адресное поведение; все произвольные геометрии, масштабы нагрузок и взаимодействия Config не объявляются закрытыми.",
"rngLoadCombinations.Slot21.Comment",,"rngLoadCombinations","Config!U24","UserInput","Text","User load units / ID / path / profile / comment","-","PendingCatalogMapping","Пустой пользовательский комментарий разрешен","Ненулевая строка LC; полностью пустая и достоверно нулевая нагрузка пропускаются, source slot сохраняется","CLoadCombinationReader -> CUnitSystem -> реальные profiles/batch -> State/Capacity/Formation -> typed result comments/status -> CBatchResultWriter","Комментарий сохраняется без смешивания с инженерным ResultComment и следует своей строке при перестановке/пропусках","modTestLoadTableConfig.RunAudit03LoadTableTests","docs/regression/Audit03/load_table_diagnostic_v143_2026-10-03.txt; docs/regression/Audit03/full_off_profile_scope_final_v173_2026-10-03.txt; docs/regression/Audit03/full_on_profile_scope_final_v173_2026-10-03.txt","ActiveBehaviorAccepted:FullRangeReviewNotComplete","Текст пользовательского комментария; пустое значение разрешено","910 случаев: 30 строк x семь полей, шесть путей обоих Search consumers, четыре профиля, повтор/обратный порядок/пропуски, optional blanks, CVErr/нечисловые и overflow значения. Это активное адресное поведение; все произвольные геометрии, масштабы нагрузок и взаимодействия Config не объявляются закрытыми.",
"rngLoadCombinations.Slot22.CombinationID",,"rngLoadCombinations","Config!O25","UserInput","Text","User load units / ID / path / profile / comment","-","PendingCatalogMapping","Обязательное поле ненулевой строки","Ненулевая строка LC; полностью пустая и достоверно нулевая нагрузка пропускаются, source slot сохраняется","CLoadCombinationReader -> CUnitSystem -> реальные profiles/batch -> State/Capacity/Formation -> typed result comments/status -> CBatchResultWriter","ID сохраняется в своей строке Results после повторного Execute, перестановки и пропусков строк","modTestLoadTableConfig.RunAudit03LoadTableTests","docs/regression/Audit03/load_table_diagnostic_v143_2026-10-03.txt; docs/regression/Audit03/full_off_profile_scope_final_v173_2026-10-03.txt; docs/regression/Audit03/full_on_profile_scope_final_v173_2026-10-03.txt","ActiveBehaviorAccepted:FullRangeReviewNotComplete","Непустой ID для ненулевой строки; идентичность определяется source slot, не числовой сортировкой ID","910 случаев: 30 строк x семь полей, шесть путей обоих Search consumers, четыре профиля, повтор/обратный порядок/пропуски, optional blanks, CVErr/нечисловые и overflow значения. Это активное адресное поведение; все произвольные геометрии, масштабы нагрузок и взаимодействия Config не объявляются закрытыми.",
"rngLoadCombinations.Slot22.N, tf",,"rngLoadCombinations","Config!P25","UserInput","Double","User load units / ID / path / profile / comment","N","PendingCatalogMapping","Пустая ячейка -> 0; некорректный ввод не подменяется нулем","Ненулевая строка LC; полностью пустая и достоверно нулевая нагрузка пропускаются, source slot сохраняется","CLoadCombinationReader -> CUnitSystem -> реальные profiles/batch -> State/Capacity/Formation -> typed result comments/status -> CBatchResultWriter","Введенная сила дает независимо проверенные внутренний знак, величину и target состояния; участвует в физическом LambdaN/NMxy","modTestLoadTableConfig.RunAudit03LoadTableTests","docs/regression/Audit03/load_table_diagnostic_v143_2026-10-03.txt; docs/regression/Audit03/full_off_profile_scope_final_v173_2026-10-03.txt; docs/regression/Audit03/full_on_profile_scope_final_v173_2026-10-03.txt","ActiveBehaviorAccepted:FullRangeReviewNotComplete","Представимый Double; допустимый диапазон дополнительно ограничен пересчетом INPUT -> внутренние единицы","910 случаев: 30 строк x семь полей, шесть путей обоих Search consumers, четыре профиля, повтор/обратный порядок/пропуски, optional blanks, CVErr/нечисловые и overflow значения. Это активное адресное поведение; все произвольные геометрии, масштабы нагрузок и взаимодействия Config не объявляются закрытыми.",
"rngLoadCombinations.Slot22.Mx, tf*m",,"rngLoadCombinations","Config!Q25","UserInput","Double","User load units / ID / path / profile / comment","N*mm","PendingCatalogMapping","Пустая ячейка -> 0; некорректный ввод не подменяется нулем","Ненулевая строка LC; полностью пустая и достоверно нулевая нагрузка пропускаются, source slot сохраняется","CLoadCombinationReader -> CUnitSystem -> реальные profiles/batch -> State/Capacity/Formation -> typed result comments/status -> CBatchResultWriter","Введенный Mx дает независимо проверенные величину и target состояния; физические Mx/Mxy/NMxy и fixed компоненты сверяются отдельно","modTestLoadTableConfig.RunAudit03LoadTableTests","docs/regression/Audit03/load_table_diagnostic_v143_2026-10-03.txt; docs/regression/Audit03/full_off_profile_scope_final_v173_2026-10-03.txt; docs/regression/Audit03/full_on_profile_scope_final_v173_2026-10-03.txt","ActiveBehaviorAccepted:FullRangeReviewNotComplete","Представимый Double; допустимый диапазон дополнительно ограничен пересчетом INPUT -> внутренние единицы","910 случаев: 30 строк x семь полей, шесть путей обоих Search consumers, четыре профиля, повтор/обратный порядок/пропуски, optional blanks, CVErr/нечисловые и overflow значения. Это активное адресное поведение; все произвольные геометрии, масштабы нагрузок и взаимодействия Config не объявляются закрытыми.",
"rngLoadCombinations.Slot22.My, tf*m",,"rngLoadCombinations","Config!R25","UserInput","Double","User load units / ID / path / profile / comment","N*mm","PendingCatalogMapping","Пустая ячейка -> 0; некорректный ввод не подменяется нулем","Ненулевая строка LC; полностью пустая и достоверно нулевая нагрузка пропускаются, source slot сохраняется","CLoadCombinationReader -> CUnitSystem -> реальные profiles/batch -> State/Capacity/Formation -> typed result comments/status -> CBatchResultWriter","Введенный My дает независимо проверенные величину и target состояния; физические My/Mxy/NMxy и fixed компоненты сверяются отдельно","modTestLoadTableConfig.RunAudit03LoadTableTests","docs/regression/Audit03/load_table_diagnostic_v143_2026-10-03.txt; docs/regression/Audit03/full_off_profile_scope_final_v173_2026-10-03.txt; docs/regression/Audit03/full_on_profile_scope_final_v173_2026-10-03.txt","ActiveBehaviorAccepted:FullRangeReviewNotComplete","Представимый Double; допустимый диапазон дополнительно ограничен пересчетом INPUT -> внутренние единицы","910 случаев: 30 строк x семь полей, шесть путей обоих Search consumers, четыре профиля, повтор/обратный порядок/пропуски, optional blanks, CVErr/нечисловые и overflow значения. Это активное адресное поведение; все произвольные геометрии, масштабы нагрузок и взаимодействия Config не объявляются закрытыми.",
"rngLoadCombinations.Slot22.ProfileId",,"rngLoadCombinations","Config!S25","UserInput","Enum","User load units / ID / path / profile / comment","-","PendingCatalogMapping","Обязательное поле ненулевой строки","Ненулевая строка LC; полностью пустая и достоверно нулевая нагрузка пропускаются, source slot сохраняется","CLoadCombinationReader -> CUnitSystem -> реальные profiles/batch -> State/Capacity/Formation -> typed result comments/status -> CBatchResultWriter","Все четыре реальные профиля читаются каталогом и назначаются конкретному LC; active Direct/Capacity/Crack реально исполняются","modTestLoadTableConfig.RunAudit03LoadTableTests","docs/regression/Audit03/load_table_diagnostic_v143_2026-10-03.txt; docs/regression/Audit03/full_off_profile_scope_final_v173_2026-10-03.txt; docs/regression/Audit03/full_on_profile_scope_final_v173_2026-10-03.txt","ActiveBehaviorAccepted:FullRangeReviewNotComplete","ID из реального CCalculationProfileCatalog; штатные PR1/PR2/PR3/PR4","910 случаев: 30 строк x семь полей, шесть путей обоих Search consumers, четыре профиля, повтор/обратный порядок/пропуски, optional blanks, CVErr/нечисловые и overflow значения. Это активное адресное поведение; все произвольные геометрии, масштабы нагрузок и взаимодействия Config не объявляются закрытыми.",
"rngLoadCombinations.Slot22.LoadPath",,"rngLoadCombinations","Config!T25","UserInput","Enum","User load units / ID / path / profile / comment","-","PendingCatalogMapping","Пустая ячейка -> Auto","Ненулевая строка LC; полностью пустая и достоверно нулевая нагрузка пропускаются, source slot сохраняется","CLoadCombinationReader -> CUnitSystem -> реальные profiles/batch -> State/Capacity/Formation -> typed result comments/status -> CBatchResultWriter","Все шесть путей реально используются Capacity/Formation; сохраненные физические точки сверены с независимым разложением N/Mx/My, без подмены fixed пути","modTestLoadTableConfig.RunAudit03LoadTableTests","docs/regression/Audit03/load_table_diagnostic_v143_2026-10-03.txt; docs/regression/Audit03/full_off_profile_scope_final_v173_2026-10-03.txt; docs/regression/Audit03/full_on_profile_scope_final_v173_2026-10-03.txt","ActiveBehaviorAccepted:FullRangeReviewNotComplete","Auto / LambdaMx / LambdaMy / LambdaMxy / LambdaN / LambdaNMxy и штатные display aliases","910 случаев: 30 строк x семь полей, шесть путей обоих Search consumers, четыре профиля, повтор/обратный порядок/пропуски, optional blanks, CVErr/нечисловые и overflow значения. Это активное адресное поведение; все произвольные геометрии, масштабы нагрузок и взаимодействия Config не объявляются закрытыми.",
"rngLoadCombinations.Slot22.Comment",,"rngLoadCombinations","Config!U25","UserInput","Text","User load units / ID / path / profile / comment","-","PendingCatalogMapping","Пустой пользовательский комментарий разрешен","Ненулевая строка LC; полностью пустая и достоверно нулевая нагрузка пропускаются, source slot сохраняется","CLoadCombinationReader -> CUnitSystem -> реальные profiles/batch -> State/Capacity/Formation -> typed result comments/status -> CBatchResultWriter","Комментарий сохраняется без смешивания с инженерным ResultComment и следует своей строке при перестановке/пропусках","modTestLoadTableConfig.RunAudit03LoadTableTests","docs/regression/Audit03/load_table_diagnostic_v143_2026-10-03.txt; docs/regression/Audit03/full_off_profile_scope_final_v173_2026-10-03.txt; docs/regression/Audit03/full_on_profile_scope_final_v173_2026-10-03.txt","ActiveBehaviorAccepted:FullRangeReviewNotComplete","Текст пользовательского комментария; пустое значение разрешено","910 случаев: 30 строк x семь полей, шесть путей обоих Search consumers, четыре профиля, повтор/обратный порядок/пропуски, optional blanks, CVErr/нечисловые и overflow значения. Это активное адресное поведение; все произвольные геометрии, масштабы нагрузок и взаимодействия Config не объявляются закрытыми.",
"rngLoadCombinations.Slot23.CombinationID",,"rngLoadCombinations","Config!O26","UserInput","Text","User load units / ID / path / profile / comment","-","PendingCatalogMapping","Обязательное поле ненулевой строки","Ненулевая строка LC; полностью пустая и достоверно нулевая нагрузка пропускаются, source slot сохраняется","CLoadCombinationReader -> CUnitSystem -> реальные profiles/batch -> State/Capacity/Formation -> typed result comments/status -> CBatchResultWriter","ID сохраняется в своей строке Results после повторного Execute, перестановки и пропусков строк","modTestLoadTableConfig.RunAudit03LoadTableTests","docs/regression/Audit03/load_table_diagnostic_v143_2026-10-03.txt; docs/regression/Audit03/full_off_profile_scope_final_v173_2026-10-03.txt; docs/regression/Audit03/full_on_profile_scope_final_v173_2026-10-03.txt","ActiveBehaviorAccepted:FullRangeReviewNotComplete","Непустой ID для ненулевой строки; идентичность определяется source slot, не числовой сортировкой ID","910 случаев: 30 строк x семь полей, шесть путей обоих Search consumers, четыре профиля, повтор/обратный порядок/пропуски, optional blanks, CVErr/нечисловые и overflow значения. Это активное адресное поведение; все произвольные геометрии, масштабы нагрузок и взаимодействия Config не объявляются закрытыми.",
"rngLoadCombinations.Slot23.N, tf",,"rngLoadCombinations","Config!P26","UserInput","Double","User load units / ID / path / profile / comment","N","PendingCatalogMapping","Пустая ячейка -> 0; некорректный ввод не подменяется нулем","Ненулевая строка LC; полностью пустая и достоверно нулевая нагрузка пропускаются, source slot сохраняется","CLoadCombinationReader -> CUnitSystem -> реальные profiles/batch -> State/Capacity/Formation -> typed result comments/status -> CBatchResultWriter","Введенная сила дает независимо проверенные внутренний знак, величину и target состояния; участвует в физическом LambdaN/NMxy","modTestLoadTableConfig.RunAudit03LoadTableTests","docs/regression/Audit03/load_table_diagnostic_v143_2026-10-03.txt; docs/regression/Audit03/full_off_profile_scope_final_v173_2026-10-03.txt; docs/regression/Audit03/full_on_profile_scope_final_v173_2026-10-03.txt","ActiveBehaviorAccepted:FullRangeReviewNotComplete","Представимый Double; допустимый диапазон дополнительно ограничен пересчетом INPUT -> внутренние единицы","910 случаев: 30 строк x семь полей, шесть путей обоих Search consumers, четыре профиля, повтор/обратный порядок/пропуски, optional blanks, CVErr/нечисловые и overflow значения. Это активное адресное поведение; все произвольные геометрии, масштабы нагрузок и взаимодействия Config не объявляются закрытыми.",
"rngLoadCombinations.Slot23.Mx, tf*m",,"rngLoadCombinations","Config!Q26","UserInput","Double","User load units / ID / path / profile / comment","N*mm","PendingCatalogMapping","Пустая ячейка -> 0; некорректный ввод не подменяется нулем","Ненулевая строка LC; полностью пустая и достоверно нулевая нагрузка пропускаются, source slot сохраняется","CLoadCombinationReader -> CUnitSystem -> реальные profiles/batch -> State/Capacity/Formation -> typed result comments/status -> CBatchResultWriter","Введенный Mx дает независимо проверенные величину и target состояния; физические Mx/Mxy/NMxy и fixed компоненты сверяются отдельно","modTestLoadTableConfig.RunAudit03LoadTableTests","docs/regression/Audit03/load_table_diagnostic_v143_2026-10-03.txt; docs/regression/Audit03/full_off_profile_scope_final_v173_2026-10-03.txt; docs/regression/Audit03/full_on_profile_scope_final_v173_2026-10-03.txt","ActiveBehaviorAccepted:FullRangeReviewNotComplete","Представимый Double; допустимый диапазон дополнительно ограничен пересчетом INPUT -> внутренние единицы","910 случаев: 30 строк x семь полей, шесть путей обоих Search consumers, четыре профиля, повтор/обратный порядок/пропуски, optional blanks, CVErr/нечисловые и overflow значения. Это активное адресное поведение; все произвольные геометрии, масштабы нагрузок и взаимодействия Config не объявляются закрытыми.",
"rngLoadCombinations.Slot23.My, tf*m",,"rngLoadCombinations","Config!R26","UserInput","Double","User load units / ID / path / profile / comment","N*mm","PendingCatalogMapping","Пустая ячейка -> 0; некорректный ввод не подменяется нулем","Ненулевая строка LC; полностью пустая и достоверно нулевая нагрузка пропускаются, source slot сохраняется","CLoadCombinationReader -> CUnitSystem -> реальные profiles/batch -> State/Capacity/Formation -> typed result comments/status -> CBatchResultWriter","Введенный My дает независимо проверенные величину и target состояния; физические My/Mxy/NMxy и fixed компоненты сверяются отдельно","modTestLoadTableConfig.RunAudit03LoadTableTests","docs/regression/Audit03/load_table_diagnostic_v143_2026-10-03.txt; docs/regression/Audit03/full_off_profile_scope_final_v173_2026-10-03.txt; docs/regression/Audit03/full_on_profile_scope_final_v173_2026-10-03.txt","ActiveBehaviorAccepted:FullRangeReviewNotComplete","Представимый Double; допустимый диапазон дополнительно ограничен пересчетом INPUT -> внутренние единицы","910 случаев: 30 строк x семь полей, шесть путей обоих Search consumers, четыре профиля, повтор/обратный порядок/пропуски, optional blanks, CVErr/нечисловые и overflow значения. Это активное адресное поведение; все произвольные геометрии, масштабы нагрузок и взаимодействия Config не объявляются закрытыми.",
"rngLoadCombinations.Slot23.ProfileId",,"rngLoadCombinations","Config!S26","UserInput","Enum","User load units / ID / path / profile / comment","-","PendingCatalogMapping","Обязательное поле ненулевой строки","Ненулевая строка LC; полностью пустая и достоверно нулевая нагрузка пропускаются, source slot сохраняется","CLoadCombinationReader -> CUnitSystem -> реальные profiles/batch -> State/Capacity/Formation -> typed result comments/status -> CBatchResultWriter","Все четыре реальные профиля читаются каталогом и назначаются конкретному LC; active Direct/Capacity/Crack реально исполняются","modTestLoadTableConfig.RunAudit03LoadTableTests","docs/regression/Audit03/load_table_diagnostic_v143_2026-10-03.txt; docs/regression/Audit03/full_off_profile_scope_final_v173_2026-10-03.txt; docs/regression/Audit03/full_on_profile_scope_final_v173_2026-10-03.txt","ActiveBehaviorAccepted:FullRangeReviewNotComplete","ID из реального CCalculationProfileCatalog; штатные PR1/PR2/PR3/PR4","910 случаев: 30 строк x семь полей, шесть путей обоих Search consumers, четыре профиля, повтор/обратный порядок/пропуски, optional blanks, CVErr/нечисловые и overflow значения. Это активное адресное поведение; все произвольные геометрии, масштабы нагрузок и взаимодействия Config не объявляются закрытыми.",
"rngLoadCombinations.Slot23.LoadPath",,"rngLoadCombinations","Config!T26","UserInput","Enum","User load units / ID / path / profile / comment","-","PendingCatalogMapping","Пустая ячейка -> Auto","Ненулевая строка LC; полностью пустая и достоверно нулевая нагрузка пропускаются, source slot сохраняется","CLoadCombinationReader -> CUnitSystem -> реальные profiles/batch -> State/Capacity/Formation -> typed result comments/status -> CBatchResultWriter","Все шесть путей реально используются Capacity/Formation; сохраненные физические точки сверены с независимым разложением N/Mx/My, без подмены fixed пути","modTestLoadTableConfig.RunAudit03LoadTableTests","docs/regression/Audit03/load_table_diagnostic_v143_2026-10-03.txt; docs/regression/Audit03/full_off_profile_scope_final_v173_2026-10-03.txt; docs/regression/Audit03/full_on_profile_scope_final_v173_2026-10-03.txt","ActiveBehaviorAccepted:FullRangeReviewNotComplete","Auto / LambdaMx / LambdaMy / LambdaMxy / LambdaN / LambdaNMxy и штатные display aliases","910 случаев: 30 строк x семь полей, шесть путей обоих Search consumers, четыре профиля, повтор/обратный порядок/пропуски, optional blanks, CVErr/нечисловые и overflow значения. Это активное адресное поведение; все произвольные геометрии, масштабы нагрузок и взаимодействия Config не объявляются закрытыми.",
"rngLoadCombinations.Slot23.Comment",,"rngLoadCombinations","Config!U26","UserInput","Text","User load units / ID / path / profile / comment","-","PendingCatalogMapping","Пустой пользовательский комментарий разрешен","Ненулевая строка LC; полностью пустая и достоверно нулевая нагрузка пропускаются, source slot сохраняется","CLoadCombinationReader -> CUnitSystem -> реальные profiles/batch -> State/Capacity/Formation -> typed result comments/status -> CBatchResultWriter","Комментарий сохраняется без смешивания с инженерным ResultComment и следует своей строке при перестановке/пропусках","modTestLoadTableConfig.RunAudit03LoadTableTests","docs/regression/Audit03/load_table_diagnostic_v143_2026-10-03.txt; docs/regression/Audit03/full_off_profile_scope_final_v173_2026-10-03.txt; docs/regression/Audit03/full_on_profile_scope_final_v173_2026-10-03.txt","ActiveBehaviorAccepted:FullRangeReviewNotComplete","Текст пользовательского комментария; пустое значение разрешено","910 случаев: 30 строк x семь полей, шесть путей обоих Search consumers, четыре профиля, повтор/обратный порядок/пропуски, optional blanks, CVErr/нечисловые и overflow значения. Это активное адресное поведение; все произвольные геометрии, масштабы нагрузок и взаимодействия Config не объявляются закрытыми.",
"rngLoadCombinations.Slot24.CombinationID",,"rngLoadCombinations","Config!O27","UserInput","Text","User load units / ID / path / profile / comment","-","PendingCatalogMapping","Обязательное поле ненулевой строки","Ненулевая строка LC; полностью пустая и достоверно нулевая нагрузка пропускаются, source slot сохраняется","CLoadCombinationReader -> CUnitSystem -> реальные profiles/batch -> State/Capacity/Formation -> typed result comments/status -> CBatchResultWriter","ID сохраняется в своей строке Results после повторного Execute, перестановки и пропусков строк","modTestLoadTableConfig.RunAudit03LoadTableTests","docs/regression/Audit03/load_table_diagnostic_v143_2026-10-03.txt; docs/regression/Audit03/full_off_profile_scope_final_v173_2026-10-03.txt; docs/regression/Audit03/full_on_profile_scope_final_v173_2026-10-03.txt","ActiveBehaviorAccepted:FullRangeReviewNotComplete","Непустой ID для ненулевой строки; идентичность определяется source slot, не числовой сортировкой ID","910 случаев: 30 строк x семь полей, шесть путей обоих Search consumers, четыре профиля, повтор/обратный порядок/пропуски, optional blanks, CVErr/нечисловые и overflow значения. Это активное адресное поведение; все произвольные геометрии, масштабы нагрузок и взаимодействия Config не объявляются закрытыми.",
"rngLoadCombinations.Slot24.N, tf",,"rngLoadCombinations","Config!P27","UserInput","Double","User load units / ID / path / profile / comment","N","PendingCatalogMapping","Пустая ячейка -> 0; некорректный ввод не подменяется нулем","Ненулевая строка LC; полностью пустая и достоверно нулевая нагрузка пропускаются, source slot сохраняется","CLoadCombinationReader -> CUnitSystem -> реальные profiles/batch -> State/Capacity/Formation -> typed result comments/status -> CBatchResultWriter","Введенная сила дает независимо проверенные внутренний знак, величину и target состояния; участвует в физическом LambdaN/NMxy","modTestLoadTableConfig.RunAudit03LoadTableTests","docs/regression/Audit03/load_table_diagnostic_v143_2026-10-03.txt; docs/regression/Audit03/full_off_profile_scope_final_v173_2026-10-03.txt; docs/regression/Audit03/full_on_profile_scope_final_v173_2026-10-03.txt","ActiveBehaviorAccepted:FullRangeReviewNotComplete","Представимый Double; допустимый диапазон дополнительно ограничен пересчетом INPUT -> внутренние единицы","910 случаев: 30 строк x семь полей, шесть путей обоих Search consumers, четыре профиля, повтор/обратный порядок/пропуски, optional blanks, CVErr/нечисловые и overflow значения. Это активное адресное поведение; все произвольные геометрии, масштабы нагрузок и взаимодействия Config не объявляются закрытыми.",
"rngLoadCombinations.Slot24.Mx, tf*m",,"rngLoadCombinations","Config!Q27","UserInput","Double","User load units / ID / path / profile / comment","N*mm","PendingCatalogMapping","Пустая ячейка -> 0; некорректный ввод не подменяется нулем","Ненулевая строка LC; полностью пустая и достоверно нулевая нагрузка пропускаются, source slot сохраняется","CLoadCombinationReader -> CUnitSystem -> реальные profiles/batch -> State/Capacity/Formation -> typed result comments/status -> CBatchResultWriter","Введенный Mx дает независимо проверенные величину и target состояния; физические Mx/Mxy/NMxy и fixed компоненты сверяются отдельно","modTestLoadTableConfig.RunAudit03LoadTableTests","docs/regression/Audit03/load_table_diagnostic_v143_2026-10-03.txt; docs/regression/Audit03/full_off_profile_scope_final_v173_2026-10-03.txt; docs/regression/Audit03/full_on_profile_scope_final_v173_2026-10-03.txt","ActiveBehaviorAccepted:FullRangeReviewNotComplete","Представимый Double; допустимый диапазон дополнительно ограничен пересчетом INPUT -> внутренние единицы","910 случаев: 30 строк x семь полей, шесть путей обоих Search consumers, четыре профиля, повтор/обратный порядок/пропуски, optional blanks, CVErr/нечисловые и overflow значения. Это активное адресное поведение; все произвольные геометрии, масштабы нагрузок и взаимодействия Config не объявляются закрытыми.",
"rngLoadCombinations.Slot24.My, tf*m",,"rngLoadCombinations","Config!R27","UserInput","Double","User load units / ID / path / profile / comment","N*mm","PendingCatalogMapping","Пустая ячейка -> 0; некорректный ввод не подменяется нулем","Ненулевая строка LC; полностью пустая и достоверно нулевая нагрузка пропускаются, source slot сохраняется","CLoadCombinationReader -> CUnitSystem -> реальные profiles/batch -> State/Capacity/Formation -> typed result comments/status -> CBatchResultWriter","Введенный My дает независимо проверенные величину и target состояния; физические My/Mxy/NMxy и fixed компоненты сверяются отдельно","modTestLoadTableConfig.RunAudit03LoadTableTests","docs/regression/Audit03/load_table_diagnostic_v143_2026-10-03.txt; docs/regression/Audit03/full_off_profile_scope_final_v173_2026-10-03.txt; docs/regression/Audit03/full_on_profile_scope_final_v173_2026-10-03.txt","ActiveBehaviorAccepted:FullRangeReviewNotComplete","Представимый Double; допустимый диапазон дополнительно ограничен пересчетом INPUT -> внутренние единицы","910 случаев: 30 строк x семь полей, шесть путей обоих Search consumers, четыре профиля, повтор/обратный порядок/пропуски, optional blanks, CVErr/нечисловые и overflow значения. Это активное адресное поведение; все произвольные геометрии, масштабы нагрузок и взаимодействия Config не объявляются закрытыми.",
"rngLoadCombinations.Slot24.ProfileId",,"rngLoadCombinations","Config!S27","UserInput","Enum","User load units / ID / path / profile / comment","-","PendingCatalogMapping","Обязательное поле ненулевой строки","Ненулевая строка LC; полностью пустая и достоверно нулевая нагрузка пропускаются, source slot сохраняется","CLoadCombinationReader -> CUnitSystem -> реальные profiles/batch -> State/Capacity/Formation -> typed result comments/status -> CBatchResultWriter","Все четыре реальные профиля читаются каталогом и назначаются конкретному LC; active Direct/Capacity/Crack реально исполняются","modTestLoadTableConfig.RunAudit03LoadTableTests","docs/regression/Audit03/load_table_diagnostic_v143_2026-10-03.txt; docs/regression/Audit03/full_off_profile_scope_final_v173_2026-10-03.txt; docs/regression/Audit03/full_on_profile_scope_final_v173_2026-10-03.txt","ActiveBehaviorAccepted:FullRangeReviewNotComplete","ID из реального CCalculationProfileCatalog; штатные PR1/PR2/PR3/PR4","910 случаев: 30 строк x семь полей, шесть путей обоих Search consumers, четыре профиля, повтор/обратный порядок/пропуски, optional blanks, CVErr/нечисловые и overflow значения. Это активное адресное поведение; все произвольные геометрии, масштабы нагрузок и взаимодействия Config не объявляются закрытыми.",
"rngLoadCombinations.Slot24.LoadPath",,"rngLoadCombinations","Config!T27","UserInput","Enum","User load units / ID / path / profile / comment","-","PendingCatalogMapping","Пустая ячейка -> Auto","Ненулевая строка LC; полностью пустая и достоверно нулевая нагрузка пропускаются, source slot сохраняется","CLoadCombinationReader -> CUnitSystem -> реальные profiles/batch -> State/Capacity/Formation -> typed result comments/status -> CBatchResultWriter","Все шесть путей реально используются Capacity/Formation; сохраненные физические точки сверены с независимым разложением N/Mx/My, без подмены fixed пути","modTestLoadTableConfig.RunAudit03LoadTableTests","docs/regression/Audit03/load_table_diagnostic_v143_2026-10-03.txt; docs/regression/Audit03/full_off_profile_scope_final_v173_2026-10-03.txt; docs/regression/Audit03/full_on_profile_scope_final_v173_2026-10-03.txt","ActiveBehaviorAccepted:FullRangeReviewNotComplete","Auto / LambdaMx / LambdaMy / LambdaMxy / LambdaN / LambdaNMxy и штатные display aliases","910 случаев: 30 строк x семь полей, шесть путей обоих Search consumers, четыре профиля, повтор/обратный порядок/пропуски, optional blanks, CVErr/нечисловые и overflow значения. Это активное адресное поведение; все произвольные геометрии, масштабы нагрузок и взаимодействия Config не объявляются закрытыми.",
"rngLoadCombinations.Slot24.Comment",,"rngLoadCombinations","Config!U27","UserInput","Text","User load units / ID / path / profile / comment","-","PendingCatalogMapping","Пустой пользовательский комментарий разрешен","Ненулевая строка LC; полностью пустая и достоверно нулевая нагрузка пропускаются, source slot сохраняется","CLoadCombinationReader -> CUnitSystem -> реальные profiles/batch -> State/Capacity/Formation -> typed result comments/status -> CBatchResultWriter","Комментарий сохраняется без смешивания с инженерным ResultComment и следует своей строке при перестановке/пропусках","modTestLoadTableConfig.RunAudit03LoadTableTests","docs/regression/Audit03/load_table_diagnostic_v143_2026-10-03.txt; docs/regression/Audit03/full_off_profile_scope_final_v173_2026-10-03.txt; docs/regression/Audit03/full_on_profile_scope_final_v173_2026-10-03.txt","ActiveBehaviorAccepted:FullRangeReviewNotComplete","Текст пользовательского комментария; пустое значение разрешено","910 случаев: 30 строк x семь полей, шесть путей обоих Search consumers, четыре профиля, повтор/обратный порядок/пропуски, optional blanks, CVErr/нечисловые и overflow значения. Это активное адресное поведение; все произвольные геометрии, масштабы нагрузок и взаимодействия Config не объявляются закрытыми.",
"rngLoadCombinations.Slot25.CombinationID",,"rngLoadCombinations","Config!O28","UserInput","Text","User load units / ID / path / profile / comment","-","PendingCatalogMapping","Обязательное поле ненулевой строки","Ненулевая строка LC; полностью пустая и достоверно нулевая нагрузка пропускаются, source slot сохраняется","CLoadCombinationReader -> CUnitSystem -> реальные profiles/batch -> State/Capacity/Formation -> typed result comments/status -> CBatchResultWriter","ID сохраняется в своей строке Results после повторного Execute, перестановки и пропусков строк","modTestLoadTableConfig.RunAudit03LoadTableTests","docs/regression/Audit03/load_table_diagnostic_v143_2026-10-03.txt; docs/regression/Audit03/full_off_profile_scope_final_v173_2026-10-03.txt; docs/regression/Audit03/full_on_profile_scope_final_v173_2026-10-03.txt","ActiveBehaviorAccepted:FullRangeReviewNotComplete","Непустой ID для ненулевой строки; идентичность определяется source slot, не числовой сортировкой ID","910 случаев: 30 строк x семь полей, шесть путей обоих Search consumers, четыре профиля, повтор/обратный порядок/пропуски, optional blanks, CVErr/нечисловые и overflow значения. Это активное адресное поведение; все произвольные геометрии, масштабы нагрузок и взаимодействия Config не объявляются закрытыми.",
"rngLoadCombinations.Slot25.N, tf",,"rngLoadCombinations","Config!P28","UserInput","Double","User load units / ID / path / profile / comment","N","PendingCatalogMapping","Пустая ячейка -> 0; некорректный ввод не подменяется нулем","Ненулевая строка LC; полностью пустая и достоверно нулевая нагрузка пропускаются, source slot сохраняется","CLoadCombinationReader -> CUnitSystem -> реальные profiles/batch -> State/Capacity/Formation -> typed result comments/status -> CBatchResultWriter","Введенная сила дает независимо проверенные внутренний знак, величину и target состояния; участвует в физическом LambdaN/NMxy","modTestLoadTableConfig.RunAudit03LoadTableTests","docs/regression/Audit03/load_table_diagnostic_v143_2026-10-03.txt; docs/regression/Audit03/full_off_profile_scope_final_v173_2026-10-03.txt; docs/regression/Audit03/full_on_profile_scope_final_v173_2026-10-03.txt","ActiveBehaviorAccepted:FullRangeReviewNotComplete","Представимый Double; допустимый диапазон дополнительно ограничен пересчетом INPUT -> внутренние единицы","910 случаев: 30 строк x семь полей, шесть путей обоих Search consumers, четыре профиля, повтор/обратный порядок/пропуски, optional blanks, CVErr/нечисловые и overflow значения. Это активное адресное поведение; все произвольные геометрии, масштабы нагрузок и взаимодействия Config не объявляются закрытыми.",
"rngLoadCombinations.Slot25.Mx, tf*m",,"rngLoadCombinations","Config!Q28","UserInput","Double","User load units / ID / path / profile / comment","N*mm","PendingCatalogMapping","Пустая ячейка -> 0; некорректный ввод не подменяется нулем","Ненулевая строка LC; полностью пустая и достоверно нулевая нагрузка пропускаются, source slot сохраняется","CLoadCombinationReader -> CUnitSystem -> реальные profiles/batch -> State/Capacity/Formation -> typed result comments/status -> CBatchResultWriter","Введенный Mx дает независимо проверенные величину и target состояния; физические Mx/Mxy/NMxy и fixed компоненты сверяются отдельно","modTestLoadTableConfig.RunAudit03LoadTableTests","docs/regression/Audit03/load_table_diagnostic_v143_2026-10-03.txt; docs/regression/Audit03/full_off_profile_scope_final_v173_2026-10-03.txt; docs/regression/Audit03/full_on_profile_scope_final_v173_2026-10-03.txt","ActiveBehaviorAccepted:FullRangeReviewNotComplete","Представимый Double; допустимый диапазон дополнительно ограничен пересчетом INPUT -> внутренние единицы","910 случаев: 30 строк x семь полей, шесть путей обоих Search consumers, четыре профиля, повтор/обратный порядок/пропуски, optional blanks, CVErr/нечисловые и overflow значения. Это активное адресное поведение; все произвольные геометрии, масштабы нагрузок и взаимодействия Config не объявляются закрытыми.",
"rngLoadCombinations.Slot25.My, tf*m",,"rngLoadCombinations","Config!R28","UserInput","Double","User load units / ID / path / profile / comment","N*mm","PendingCatalogMapping","Пустая ячейка -> 0; некорректный ввод не подменяется нулем","Ненулевая строка LC; полностью пустая и достоверно нулевая нагрузка пропускаются, source slot сохраняется","CLoadCombinationReader -> CUnitSystem -> реальные profiles/batch -> State/Capacity/Formation -> typed result comments/status -> CBatchResultWriter","Введенный My дает независимо проверенные величину и target состояния; физические My/Mxy/NMxy и fixed компоненты сверяются отдельно","modTestLoadTableConfig.RunAudit03LoadTableTests","docs/regression/Audit03/load_table_diagnostic_v143_2026-10-03.txt; docs/regression/Audit03/full_off_profile_scope_final_v173_2026-10-03.txt; docs/regression/Audit03/full_on_profile_scope_final_v173_2026-10-03.txt","ActiveBehaviorAccepted:FullRangeReviewNotComplete","Представимый Double; допустимый диапазон дополнительно ограничен пересчетом INPUT -> внутренние единицы","910 случаев: 30 строк x семь полей, шесть путей обоих Search consumers, четыре профиля, повтор/обратный порядок/пропуски, optional blanks, CVErr/нечисловые и overflow значения. Это активное адресное поведение; все произвольные геометрии, масштабы нагрузок и взаимодействия Config не объявляются закрытыми.",
"rngLoadCombinations.Slot25.ProfileId",,"rngLoadCombinations","Config!S28","UserInput","Enum","User load units / ID / path / profile / comment","-","PendingCatalogMapping","Обязательное поле ненулевой строки","Ненулевая строка LC; полностью пустая и достоверно нулевая нагрузка пропускаются, source slot сохраняется","CLoadCombinationReader -> CUnitSystem -> реальные profiles/batch -> State/Capacity/Formation -> typed result comments/status -> CBatchResultWriter","Все четыре реальные профиля читаются каталогом и назначаются конкретному LC; active Direct/Capacity/Crack реально исполняются","modTestLoadTableConfig.RunAudit03LoadTableTests","docs/regression/Audit03/load_table_diagnostic_v143_2026-10-03.txt; docs/regression/Audit03/full_off_profile_scope_final_v173_2026-10-03.txt; docs/regression/Audit03/full_on_profile_scope_final_v173_2026-10-03.txt","ActiveBehaviorAccepted:FullRangeReviewNotComplete","ID из реального CCalculationProfileCatalog; штатные PR1/PR2/PR3/PR4","910 случаев: 30 строк x семь полей, шесть путей обоих Search consumers, четыре профиля, повтор/обратный порядок/пропуски, optional blanks, CVErr/нечисловые и overflow значения. Это активное адресное поведение; все произвольные геометрии, масштабы нагрузок и взаимодействия Config не объявляются закрытыми.",
"rngLoadCombinations.Slot25.LoadPath",,"rngLoadCombinations","Config!T28","UserInput","Enum","User load units / ID / path / profile / comment","-","PendingCatalogMapping","Пустая ячейка -> Auto","Ненулевая строка LC; полностью пустая и достоверно нулевая нагрузка пропускаются, source slot сохраняется","CLoadCombinationReader -> CUnitSystem -> реальные profiles/batch -> State/Capacity/Formation -> typed result comments/status -> CBatchResultWriter","Все шесть путей реально используются Capacity/Formation; сохраненные физические точки сверены с независимым разложением N/Mx/My, без подмены fixed пути","modTestLoadTableConfig.RunAudit03LoadTableTests","docs/regression/Audit03/load_table_diagnostic_v143_2026-10-03.txt; docs/regression/Audit03/full_off_profile_scope_final_v173_2026-10-03.txt; docs/regression/Audit03/full_on_profile_scope_final_v173_2026-10-03.txt","ActiveBehaviorAccepted:FullRangeReviewNotComplete","Auto / LambdaMx / LambdaMy / LambdaMxy / LambdaN / LambdaNMxy и штатные display aliases","910 случаев: 30 строк x семь полей, шесть путей обоих Search consumers, четыре профиля, повтор/обратный порядок/пропуски, optional blanks, CVErr/нечисловые и overflow значения. Это активное адресное поведение; все произвольные геометрии, масштабы нагрузок и взаимодействия Config не объявляются закрытыми.",
"rngLoadCombinations.Slot25.Comment",,"rngLoadCombinations","Config!U28","UserInput","Text","User load units / ID / path / profile / comment","-","PendingCatalogMapping","Пустой пользовательский комментарий разрешен","Ненулевая строка LC; полностью пустая и достоверно нулевая нагрузка пропускаются, source slot сохраняется","CLoadCombinationReader -> CUnitSystem -> реальные profiles/batch -> State/Capacity/Formation -> typed result comments/status -> CBatchResultWriter","Комментарий сохраняется без смешивания с инженерным ResultComment и следует своей строке при перестановке/пропусках","modTestLoadTableConfig.RunAudit03LoadTableTests","docs/regression/Audit03/load_table_diagnostic_v143_2026-10-03.txt; docs/regression/Audit03/full_off_profile_scope_final_v173_2026-10-03.txt; docs/regression/Audit03/full_on_profile_scope_final_v173_2026-10-03.txt","ActiveBehaviorAccepted:FullRangeReviewNotComplete","Текст пользовательского комментария; пустое значение разрешено","910 случаев: 30 строк x семь полей, шесть путей обоих Search consumers, четыре профиля, повтор/обратный порядок/пропуски, optional blanks, CVErr/нечисловые и overflow значения. Это активное адресное поведение; все произвольные геометрии, масштабы нагрузок и взаимодействия Config не объявляются закрытыми.",
"rngLoadCombinations.Slot26.CombinationID",,"rngLoadCombinations","Config!O29","UserInput","Text","User load units / ID / path / profile / comment","-","PendingCatalogMapping","Обязательное поле ненулевой строки","Ненулевая строка LC; полностью пустая и достоверно нулевая нагрузка пропускаются, source slot сохраняется","CLoadCombinationReader -> CUnitSystem -> реальные profiles/batch -> State/Capacity/Formation -> typed result comments/status -> CBatchResultWriter","ID сохраняется в своей строке Results после повторного Execute, перестановки и пропусков строк","modTestLoadTableConfig.RunAudit03LoadTableTests","docs/regression/Audit03/load_table_diagnostic_v143_2026-10-03.txt; docs/regression/Audit03/full_off_profile_scope_final_v173_2026-10-03.txt; docs/regression/Audit03/full_on_profile_scope_final_v173_2026-10-03.txt","ActiveBehaviorAccepted:FullRangeReviewNotComplete","Непустой ID для ненулевой строки; идентичность определяется source slot, не числовой сортировкой ID","910 случаев: 30 строк x семь полей, шесть путей обоих Search consumers, четыре профиля, повтор/обратный порядок/пропуски, optional blanks, CVErr/нечисловые и overflow значения. Это активное адресное поведение; все произвольные геометрии, масштабы нагрузок и взаимодействия Config не объявляются закрытыми.",
"rngLoadCombinations.Slot26.N, tf",,"rngLoadCombinations","Config!P29","UserInput","Double","User load units / ID / path / profile / comment","N","PendingCatalogMapping","Пустая ячейка -> 0; некорректный ввод не подменяется нулем","Ненулевая строка LC; полностью пустая и достоверно нулевая нагрузка пропускаются, source slot сохраняется","CLoadCombinationReader -> CUnitSystem -> реальные profiles/batch -> State/Capacity/Formation -> typed result comments/status -> CBatchResultWriter","Введенная сила дает независимо проверенные внутренний знак, величину и target состояния; участвует в физическом LambdaN/NMxy","modTestLoadTableConfig.RunAudit03LoadTableTests","docs/regression/Audit03/load_table_diagnostic_v143_2026-10-03.txt; docs/regression/Audit03/full_off_profile_scope_final_v173_2026-10-03.txt; docs/regression/Audit03/full_on_profile_scope_final_v173_2026-10-03.txt","ActiveBehaviorAccepted:FullRangeReviewNotComplete","Представимый Double; допустимый диапазон дополнительно ограничен пересчетом INPUT -> внутренние единицы","910 случаев: 30 строк x семь полей, шесть путей обоих Search consumers, четыре профиля, повтор/обратный порядок/пропуски, optional blanks, CVErr/нечисловые и overflow значения. Это активное адресное поведение; все произвольные геометрии, масштабы нагрузок и взаимодействия Config не объявляются закрытыми.",
"rngLoadCombinations.Slot26.Mx, tf*m",,"rngLoadCombinations","Config!Q29","UserInput","Double","User load units / ID / path / profile / comment","N*mm","PendingCatalogMapping","Пустая ячейка -> 0; некорректный ввод не подменяется нулем","Ненулевая строка LC; полностью пустая и достоверно нулевая нагрузка пропускаются, source slot сохраняется","CLoadCombinationReader -> CUnitSystem -> реальные profiles/batch -> State/Capacity/Formation -> typed result comments/status -> CBatchResultWriter","Введенный Mx дает независимо проверенные величину и target состояния; физические Mx/Mxy/NMxy и fixed компоненты сверяются отдельно","modTestLoadTableConfig.RunAudit03LoadTableTests","docs/regression/Audit03/load_table_diagnostic_v143_2026-10-03.txt; docs/regression/Audit03/full_off_profile_scope_final_v173_2026-10-03.txt; docs/regression/Audit03/full_on_profile_scope_final_v173_2026-10-03.txt","ActiveBehaviorAccepted:FullRangeReviewNotComplete","Представимый Double; допустимый диапазон дополнительно ограничен пересчетом INPUT -> внутренние единицы","910 случаев: 30 строк x семь полей, шесть путей обоих Search consumers, четыре профиля, повтор/обратный порядок/пропуски, optional blanks, CVErr/нечисловые и overflow значения. Это активное адресное поведение; все произвольные геометрии, масштабы нагрузок и взаимодействия Config не объявляются закрытыми.",
"rngLoadCombinations.Slot26.My, tf*m",,"rngLoadCombinations","Config!R29","UserInput","Double","User load units / ID / path / profile / comment","N*mm","PendingCatalogMapping","Пустая ячейка -> 0; некорректный ввод не подменяется нулем","Ненулевая строка LC; полностью пустая и достоверно нулевая нагрузка пропускаются, source slot сохраняется","CLoadCombinationReader -> CUnitSystem -> реальные profiles/batch -> State/Capacity/Formation -> typed result comments/status -> CBatchResultWriter","Введенный My дает независимо проверенные величину и target состояния; физические My/Mxy/NMxy и fixed компоненты сверяются отдельно","modTestLoadTableConfig.RunAudit03LoadTableTests","docs/regression/Audit03/load_table_diagnostic_v143_2026-10-03.txt; docs/regression/Audit03/full_off_profile_scope_final_v173_2026-10-03.txt; docs/regression/Audit03/full_on_profile_scope_final_v173_2026-10-03.txt","ActiveBehaviorAccepted:FullRangeReviewNotComplete","Представимый Double; допустимый диапазон дополнительно ограничен пересчетом INPUT -> внутренние единицы","910 случаев: 30 строк x семь полей, шесть путей обоих Search consumers, четыре профиля, повтор/обратный порядок/пропуски, optional blanks, CVErr/нечисловые и overflow значения. Это активное адресное поведение; все произвольные геометрии, масштабы нагрузок и взаимодействия Config не объявляются закрытыми.",
"rngLoadCombinations.Slot26.ProfileId",,"rngLoadCombinations","Config!S29","UserInput","Enum","User load units / ID / path / profile / comment","-","PendingCatalogMapping","Обязательное поле ненулевой строки","Ненулевая строка LC; полностью пустая и достоверно нулевая нагрузка пропускаются, source slot сохраняется","CLoadCombinationReader -> CUnitSystem -> реальные profiles/batch -> State/Capacity/Formation -> typed result comments/status -> CBatchResultWriter","Все четыре реальные профиля читаются каталогом и назначаются конкретному LC; active Direct/Capacity/Crack реально исполняются","modTestLoadTableConfig.RunAudit03LoadTableTests","docs/regression/Audit03/load_table_diagnostic_v143_2026-10-03.txt; docs/regression/Audit03/full_off_profile_scope_final_v173_2026-10-03.txt; docs/regression/Audit03/full_on_profile_scope_final_v173_2026-10-03.txt","ActiveBehaviorAccepted:FullRangeReviewNotComplete","ID из реального CCalculationProfileCatalog; штатные PR1/PR2/PR3/PR4","910 случаев: 30 строк x семь полей, шесть путей обоих Search consumers, четыре профиля, повтор/обратный порядок/пропуски, optional blanks, CVErr/нечисловые и overflow значения. Это активное адресное поведение; все произвольные геометрии, масштабы нагрузок и взаимодействия Config не объявляются закрытыми.",
"rngLoadCombinations.Slot26.LoadPath",,"rngLoadCombinations","Config!T29","UserInput","Enum","User load units / ID / path / profile / comment","-","PendingCatalogMapping","Пустая ячейка -> Auto","Ненулевая строка LC; полностью пустая и достоверно нулевая нагрузка пропускаются, source slot сохраняется","CLoadCombinationReader -> CUnitSystem -> реальные profiles/batch -> State/Capacity/Formation -> typed result comments/status -> CBatchResultWriter","Все шесть путей реально используются Capacity/Formation; сохраненные физические точки сверены с независимым разложением N/Mx/My, без подмены fixed пути","modTestLoadTableConfig.RunAudit03LoadTableTests","docs/regression/Audit03/load_table_diagnostic_v143_2026-10-03.txt; docs/regression/Audit03/full_off_profile_scope_final_v173_2026-10-03.txt; docs/regression/Audit03/full_on_profile_scope_final_v173_2026-10-03.txt","ActiveBehaviorAccepted:FullRangeReviewNotComplete","Auto / LambdaMx / LambdaMy / LambdaMxy / LambdaN / LambdaNMxy и штатные display aliases","910 случаев: 30 строк x семь полей, шесть путей обоих Search consumers, четыре профиля, повтор/обратный порядок/пропуски, optional blanks, CVErr/нечисловые и overflow значения. Это активное адресное поведение; все произвольные геометрии, масштабы нагрузок и взаимодействия Config не объявляются закрытыми.",
"rngLoadCombinations.Slot26.Comment",,"rngLoadCombinations","Config!U29","UserInput","Text","User load units / ID / path / profile / comment","-","PendingCatalogMapping","Пустой пользовательский комментарий разрешен","Ненулевая строка LC; полностью пустая и достоверно нулевая нагрузка пропускаются, source slot сохраняется","CLoadCombinationReader -> CUnitSystem -> реальные profiles/batch -> State/Capacity/Formation -> typed result comments/status -> CBatchResultWriter","Комментарий сохраняется без смешивания с инженерным ResultComment и следует своей строке при перестановке/пропусках","modTestLoadTableConfig.RunAudit03LoadTableTests","docs/regression/Audit03/load_table_diagnostic_v143_2026-10-03.txt; docs/regression/Audit03/full_off_profile_scope_final_v173_2026-10-03.txt; docs/regression/Audit03/full_on_profile_scope_final_v173_2026-10-03.txt","ActiveBehaviorAccepted:FullRangeReviewNotComplete","Текст пользовательского комментария; пустое значение разрешено","910 случаев: 30 строк x семь полей, шесть путей обоих Search consumers, четыре профиля, повтор/обратный порядок/пропуски, optional blanks, CVErr/нечисловые и overflow значения. Это активное адресное поведение; все произвольные геометрии, масштабы нагрузок и взаимодействия Config не объявляются закрытыми.",
"rngLoadCombinations.Slot27.CombinationID",,"rngLoadCombinations","Config!O30","UserInput","Text","User load units / ID / path / profile / comment","-","PendingCatalogMapping","Обязательное поле ненулевой строки","Ненулевая строка LC; полностью пустая и достоверно нулевая нагрузка пропускаются, source slot сохраняется","CLoadCombinationReader -> CUnitSystem -> реальные profiles/batch -> State/Capacity/Formation -> typed result comments/status -> CBatchResultWriter","ID сохраняется в своей строке Results после повторного Execute, перестановки и пропусков строк","modTestLoadTableConfig.RunAudit03LoadTableTests","docs/regression/Audit03/load_table_diagnostic_v143_2026-10-03.txt; docs/regression/Audit03/full_off_profile_scope_final_v173_2026-10-03.txt; docs/regression/Audit03/full_on_profile_scope_final_v173_2026-10-03.txt","ActiveBehaviorAccepted:FullRangeReviewNotComplete","Непустой ID для ненулевой строки; идентичность определяется source slot, не числовой сортировкой ID","910 случаев: 30 строк x семь полей, шесть путей обоих Search consumers, четыре профиля, повтор/обратный порядок/пропуски, optional blanks, CVErr/нечисловые и overflow значения. Это активное адресное поведение; все произвольные геометрии, масштабы нагрузок и взаимодействия Config не объявляются закрытыми.",
"rngLoadCombinations.Slot27.N, tf",,"rngLoadCombinations","Config!P30","UserInput","Double","User load units / ID / path / profile / comment","N","PendingCatalogMapping","Пустая ячейка -> 0; некорректный ввод не подменяется нулем","Ненулевая строка LC; полностью пустая и достоверно нулевая нагрузка пропускаются, source slot сохраняется","CLoadCombinationReader -> CUnitSystem -> реальные profiles/batch -> State/Capacity/Formation -> typed result comments/status -> CBatchResultWriter","Введенная сила дает независимо проверенные внутренний знак, величину и target состояния; участвует в физическом LambdaN/NMxy","modTestLoadTableConfig.RunAudit03LoadTableTests","docs/regression/Audit03/load_table_diagnostic_v143_2026-10-03.txt; docs/regression/Audit03/full_off_profile_scope_final_v173_2026-10-03.txt; docs/regression/Audit03/full_on_profile_scope_final_v173_2026-10-03.txt","ActiveBehaviorAccepted:FullRangeReviewNotComplete","Представимый Double; допустимый диапазон дополнительно ограничен пересчетом INPUT -> внутренние единицы","910 случаев: 30 строк x семь полей, шесть путей обоих Search consumers, четыре профиля, повтор/обратный порядок/пропуски, optional blanks, CVErr/нечисловые и overflow значения. Это активное адресное поведение; все произвольные геометрии, масштабы нагрузок и взаимодействия Config не объявляются закрытыми.",
"rngLoadCombinations.Slot27.Mx, tf*m",,"rngLoadCombinations","Config!Q30","UserInput","Double","User load units / ID / path / profile / comment","N*mm","PendingCatalogMapping","Пустая ячейка -> 0; некорректный ввод не подменяется нулем","Ненулевая строка LC; полностью пустая и достоверно нулевая нагрузка пропускаются, source slot сохраняется","CLoadCombinationReader -> CUnitSystem -> реальные profiles/batch -> State/Capacity/Formation -> typed result comments/status -> CBatchResultWriter","Введенный Mx дает независимо проверенные величину и target состояния; физические Mx/Mxy/NMxy и fixed компоненты сверяются отдельно","modTestLoadTableConfig.RunAudit03LoadTableTests","docs/regression/Audit03/load_table_diagnostic_v143_2026-10-03.txt; docs/regression/Audit03/full_off_profile_scope_final_v173_2026-10-03.txt; docs/regression/Audit03/full_on_profile_scope_final_v173_2026-10-03.txt","ActiveBehaviorAccepted:FullRangeReviewNotComplete","Представимый Double; допустимый диапазон дополнительно ограничен пересчетом INPUT -> внутренние единицы","910 случаев: 30 строк x семь полей, шесть путей обоих Search consumers, четыре профиля, повтор/обратный порядок/пропуски, optional blanks, CVErr/нечисловые и overflow значения. Это активное адресное поведение; все произвольные геометрии, масштабы нагрузок и взаимодействия Config не объявляются закрытыми.",
"rngLoadCombinations.Slot27.My, tf*m",,"rngLoadCombinations","Config!R30","UserInput","Double","User load units / ID / path / profile / comment","N*mm","PendingCatalogMapping","Пустая ячейка -> 0; некорректный ввод не подменяется нулем","Ненулевая строка LC; полностью пустая и достоверно нулевая нагрузка пропускаются, source slot сохраняется","CLoadCombinationReader -> CUnitSystem -> реальные profiles/batch -> State/Capacity/Formation -> typed result comments/status -> CBatchResultWriter","Введенный My дает независимо проверенные величину и target состояния; физические My/Mxy/NMxy и fixed компоненты сверяются отдельно","modTestLoadTableConfig.RunAudit03LoadTableTests","docs/regression/Audit03/load_table_diagnostic_v143_2026-10-03.txt; docs/regression/Audit03/full_off_profile_scope_final_v173_2026-10-03.txt; docs/regression/Audit03/full_on_profile_scope_final_v173_2026-10-03.txt","ActiveBehaviorAccepted:FullRangeReviewNotComplete","Представимый Double; допустимый диапазон дополнительно ограничен пересчетом INPUT -> внутренние единицы","910 случаев: 30 строк x семь полей, шесть путей обоих Search consumers, четыре профиля, повтор/обратный порядок/пропуски, optional blanks, CVErr/нечисловые и overflow значения. Это активное адресное поведение; все произвольные геометрии, масштабы нагрузок и взаимодействия Config не объявляются закрытыми.",
"rngLoadCombinations.Slot27.ProfileId",,"rngLoadCombinations","Config!S30","UserInput","Enum","User load units / ID / path / profile / comment","-","PendingCatalogMapping","Обязательное поле ненулевой строки","Ненулевая строка LC; полностью пустая и достоверно нулевая нагрузка пропускаются, source slot сохраняется","CLoadCombinationReader -> CUnitSystem -> реальные profiles/batch -> State/Capacity/Formation -> typed result comments/status -> CBatchResultWriter","Все четыре реальные профиля читаются каталогом и назначаются конкретному LC; active Direct/Capacity/Crack реально исполняются","modTestLoadTableConfig.RunAudit03LoadTableTests","docs/regression/Audit03/load_table_diagnostic_v143_2026-10-03.txt; docs/regression/Audit03/full_off_profile_scope_final_v173_2026-10-03.txt; docs/regression/Audit03/full_on_profile_scope_final_v173_2026-10-03.txt","ActiveBehaviorAccepted:FullRangeReviewNotComplete","ID из реального CCalculationProfileCatalog; штатные PR1/PR2/PR3/PR4","910 случаев: 30 строк x семь полей, шесть путей обоих Search consumers, четыре профиля, повтор/обратный порядок/пропуски, optional blanks, CVErr/нечисловые и overflow значения. Это активное адресное поведение; все произвольные геометрии, масштабы нагрузок и взаимодействия Config не объявляются закрытыми.",
"rngLoadCombinations.Slot27.LoadPath",,"rngLoadCombinations","Config!T30","UserInput","Enum","User load units / ID / path / profile / comment","-","PendingCatalogMapping","Пустая ячейка -> Auto","Ненулевая строка LC; полностью пустая и достоверно нулевая нагрузка пропускаются, source slot сохраняется","CLoadCombinationReader -> CUnitSystem -> реальные profiles/batch -> State/Capacity/Formation -> typed result comments/status -> CBatchResultWriter","Все шесть путей реально используются Capacity/Formation; сохраненные физические точки сверены с независимым разложением N/Mx/My, без подмены fixed пути","modTestLoadTableConfig.RunAudit03LoadTableTests","docs/regression/Audit03/load_table_diagnostic_v143_2026-10-03.txt; docs/regression/Audit03/full_off_profile_scope_final_v173_2026-10-03.txt; docs/regression/Audit03/full_on_profile_scope_final_v173_2026-10-03.txt","ActiveBehaviorAccepted:FullRangeReviewNotComplete","Auto / LambdaMx / LambdaMy / LambdaMxy / LambdaN / LambdaNMxy и штатные display aliases","910 случаев: 30 строк x семь полей, шесть путей обоих Search consumers, четыре профиля, повтор/обратный порядок/пропуски, optional blanks, CVErr/нечисловые и overflow значения. Это активное адресное поведение; все произвольные геометрии, масштабы нагрузок и взаимодействия Config не объявляются закрытыми.",
"rngLoadCombinations.Slot27.Comment",,"rngLoadCombinations","Config!U30","UserInput","Text","User load units / ID / path / profile / comment","-","PendingCatalogMapping","Пустой пользовательский комментарий разрешен","Ненулевая строка LC; полностью пустая и достоверно нулевая нагрузка пропускаются, source slot сохраняется","CLoadCombinationReader -> CUnitSystem -> реальные profiles/batch -> State/Capacity/Formation -> typed result comments/status -> CBatchResultWriter","Комментарий сохраняется без смешивания с инженерным ResultComment и следует своей строке при перестановке/пропусках","modTestLoadTableConfig.RunAudit03LoadTableTests","docs/regression/Audit03/load_table_diagnostic_v143_2026-10-03.txt; docs/regression/Audit03/full_off_profile_scope_final_v173_2026-10-03.txt; docs/regression/Audit03/full_on_profile_scope_final_v173_2026-10-03.txt","ActiveBehaviorAccepted:FullRangeReviewNotComplete","Текст пользовательского комментария; пустое значение разрешено","910 случаев: 30 строк x семь полей, шесть путей обоих Search consumers, четыре профиля, повтор/обратный порядок/пропуски, optional blanks, CVErr/нечисловые и overflow значения. Это активное адресное поведение; все произвольные геометрии, масштабы нагрузок и взаимодействия Config не объявляются закрытыми.",
"rngLoadCombinations.Slot28.CombinationID",,"rngLoadCombinations","Config!O31","UserInput","Text","User load units / ID / path / profile / comment","-","PendingCatalogMapping","Обязательное поле ненулевой строки","Ненулевая строка LC; полностью пустая и достоверно нулевая нагрузка пропускаются, source slot сохраняется","CLoadCombinationReader -> CUnitSystem -> реальные profiles/batch -> State/Capacity/Formation -> typed result comments/status -> CBatchResultWriter","ID сохраняется в своей строке Results после повторного Execute, перестановки и пропусков строк","modTestLoadTableConfig.RunAudit03LoadTableTests","docs/regression/Audit03/load_table_diagnostic_v143_2026-10-03.txt; docs/regression/Audit03/full_off_profile_scope_final_v173_2026-10-03.txt; docs/regression/Audit03/full_on_profile_scope_final_v173_2026-10-03.txt","ActiveBehaviorAccepted:FullRangeReviewNotComplete","Непустой ID для ненулевой строки; идентичность определяется source slot, не числовой сортировкой ID","910 случаев: 30 строк x семь полей, шесть путей обоих Search consumers, четыре профиля, повтор/обратный порядок/пропуски, optional blanks, CVErr/нечисловые и overflow значения. Это активное адресное поведение; все произвольные геометрии, масштабы нагрузок и взаимодействия Config не объявляются закрытыми.",
"rngLoadCombinations.Slot28.N, tf",,"rngLoadCombinations","Config!P31","UserInput","Double","User load units / ID / path / profile / comment","N","PendingCatalogMapping","Пустая ячейка -> 0; некорректный ввод не подменяется нулем","Ненулевая строка LC; полностью пустая и достоверно нулевая нагрузка пропускаются, source slot сохраняется","CLoadCombinationReader -> CUnitSystem -> реальные profiles/batch -> State/Capacity/Formation -> typed result comments/status -> CBatchResultWriter","Введенная сила дает независимо проверенные внутренний знак, величину и target состояния; участвует в физическом LambdaN/NMxy","modTestLoadTableConfig.RunAudit03LoadTableTests","docs/regression/Audit03/load_table_diagnostic_v143_2026-10-03.txt; docs/regression/Audit03/full_off_profile_scope_final_v173_2026-10-03.txt; docs/regression/Audit03/full_on_profile_scope_final_v173_2026-10-03.txt","ActiveBehaviorAccepted:FullRangeReviewNotComplete","Представимый Double; допустимый диапазон дополнительно ограничен пересчетом INPUT -> внутренние единицы","910 случаев: 30 строк x семь полей, шесть путей обоих Search consumers, четыре профиля, повтор/обратный порядок/пропуски, optional blanks, CVErr/нечисловые и overflow значения. Это активное адресное поведение; все произвольные геометрии, масштабы нагрузок и взаимодействия Config не объявляются закрытыми.",
"rngLoadCombinations.Slot28.Mx, tf*m",,"rngLoadCombinations","Config!Q31","UserInput","Double","User load units / ID / path / profile / comment","N*mm","PendingCatalogMapping","Пустая ячейка -> 0; некорректный ввод не подменяется нулем","Ненулевая строка LC; полностью пустая и достоверно нулевая нагрузка пропускаются, source slot сохраняется","CLoadCombinationReader -> CUnitSystem -> реальные profiles/batch -> State/Capacity/Formation -> typed result comments/status -> CBatchResultWriter","Введенный Mx дает независимо проверенные величину и target состояния; физические Mx/Mxy/NMxy и fixed компоненты сверяются отдельно","modTestLoadTableConfig.RunAudit03LoadTableTests","docs/regression/Audit03/load_table_diagnostic_v143_2026-10-03.txt; docs/regression/Audit03/full_off_profile_scope_final_v173_2026-10-03.txt; docs/regression/Audit03/full_on_profile_scope_final_v173_2026-10-03.txt","ActiveBehaviorAccepted:FullRangeReviewNotComplete","Представимый Double; допустимый диапазон дополнительно ограничен пересчетом INPUT -> внутренние единицы","910 случаев: 30 строк x семь полей, шесть путей обоих Search consumers, четыре профиля, повтор/обратный порядок/пропуски, optional blanks, CVErr/нечисловые и overflow значения. Это активное адресное поведение; все произвольные геометрии, масштабы нагрузок и взаимодействия Config не объявляются закрытыми.",
"rngLoadCombinations.Slot28.My, tf*m",,"rngLoadCombinations","Config!R31","UserInput","Double","User load units / ID / path / profile / comment","N*mm","PendingCatalogMapping","Пустая ячейка -> 0; некорректный ввод не подменяется нулем","Ненулевая строка LC; полностью пустая и достоверно нулевая нагрузка пропускаются, source slot сохраняется","CLoadCombinationReader -> CUnitSystem -> реальные profiles/batch -> State/Capacity/Formation -> typed result comments/status -> CBatchResultWriter","Введенный My дает независимо проверенные величину и target состояния; физические My/Mxy/NMxy и fixed компоненты сверяются отдельно","modTestLoadTableConfig.RunAudit03LoadTableTests","docs/regression/Audit03/load_table_diagnostic_v143_2026-10-03.txt; docs/regression/Audit03/full_off_profile_scope_final_v173_2026-10-03.txt; docs/regression/Audit03/full_on_profile_scope_final_v173_2026-10-03.txt","ActiveBehaviorAccepted:FullRangeReviewNotComplete","Представимый Double; допустимый диапазон дополнительно ограничен пересчетом INPUT -> внутренние единицы","910 случаев: 30 строк x семь полей, шесть путей обоих Search consumers, четыре профиля, повтор/обратный порядок/пропуски, optional blanks, CVErr/нечисловые и overflow значения. Это активное адресное поведение; все произвольные геометрии, масштабы нагрузок и взаимодействия Config не объявляются закрытыми.",
"rngLoadCombinations.Slot28.ProfileId",,"rngLoadCombinations","Config!S31","UserInput","Enum","User load units / ID / path / profile / comment","-","PendingCatalogMapping","Обязательное поле ненулевой строки","Ненулевая строка LC; полностью пустая и достоверно нулевая нагрузка пропускаются, source slot сохраняется","CLoadCombinationReader -> CUnitSystem -> реальные profiles/batch -> State/Capacity/Formation -> typed result comments/status -> CBatchResultWriter","Все четыре реальные профиля читаются каталогом и назначаются конкретному LC; active Direct/Capacity/Crack реально исполняются","modTestLoadTableConfig.RunAudit03LoadTableTests","docs/regression/Audit03/load_table_diagnostic_v143_2026-10-03.txt; docs/regression/Audit03/full_off_profile_scope_final_v173_2026-10-03.txt; docs/regression/Audit03/full_on_profile_scope_final_v173_2026-10-03.txt","ActiveBehaviorAccepted:FullRangeReviewNotComplete","ID из реального CCalculationProfileCatalog; штатные PR1/PR2/PR3/PR4","910 случаев: 30 строк x семь полей, шесть путей обоих Search consumers, четыре профиля, повтор/обратный порядок/пропуски, optional blanks, CVErr/нечисловые и overflow значения. Это активное адресное поведение; все произвольные геометрии, масштабы нагрузок и взаимодействия Config не объявляются закрытыми.",
"rngLoadCombinations.Slot28.LoadPath",,"rngLoadCombinations","Config!T31","UserInput","Enum","User load units / ID / path / profile / comment","-","PendingCatalogMapping","Пустая ячейка -> Auto","Ненулевая строка LC; полностью пустая и достоверно нулевая нагрузка пропускаются, source slot сохраняется","CLoadCombinationReader -> CUnitSystem -> реальные profiles/batch -> State/Capacity/Formation -> typed result comments/status -> CBatchResultWriter","Все шесть путей реально используются Capacity/Formation; сохраненные физические точки сверены с независимым разложением N/Mx/My, без подмены fixed пути","modTestLoadTableConfig.RunAudit03LoadTableTests","docs/regression/Audit03/load_table_diagnostic_v143_2026-10-03.txt; docs/regression/Audit03/full_off_profile_scope_final_v173_2026-10-03.txt; docs/regression/Audit03/full_on_profile_scope_final_v173_2026-10-03.txt","ActiveBehaviorAccepted:FullRangeReviewNotComplete","Auto / LambdaMx / LambdaMy / LambdaMxy / LambdaN / LambdaNMxy и штатные display aliases","910 случаев: 30 строк x семь полей, шесть путей обоих Search consumers, четыре профиля, повтор/обратный порядок/пропуски, optional blanks, CVErr/нечисловые и overflow значения. Это активное адресное поведение; все произвольные геометрии, масштабы нагрузок и взаимодействия Config не объявляются закрытыми.",
"rngLoadCombinations.Slot28.Comment",,"rngLoadCombinations","Config!U31","UserInput","Text","User load units / ID / path / profile / comment","-","PendingCatalogMapping","Пустой пользовательский комментарий разрешен","Ненулевая строка LC; полностью пустая и достоверно нулевая нагрузка пропускаются, source slot сохраняется","CLoadCombinationReader -> CUnitSystem -> реальные profiles/batch -> State/Capacity/Formation -> typed result comments/status -> CBatchResultWriter","Комментарий сохраняется без смешивания с инженерным ResultComment и следует своей строке при перестановке/пропусках","modTestLoadTableConfig.RunAudit03LoadTableTests","docs/regression/Audit03/load_table_diagnostic_v143_2026-10-03.txt; docs/regression/Audit03/full_off_profile_scope_final_v173_2026-10-03.txt; docs/regression/Audit03/full_on_profile_scope_final_v173_2026-10-03.txt","ActiveBehaviorAccepted:FullRangeReviewNotComplete","Текст пользовательского комментария; пустое значение разрешено","910 случаев: 30 строк x семь полей, шесть путей обоих Search consumers, четыре профиля, повтор/обратный порядок/пропуски, optional blanks, CVErr/нечисловые и overflow значения. Это активное адресное поведение; все произвольные геометрии, масштабы нагрузок и взаимодействия Config не объявляются закрытыми.",
"rngLoadCombinations.Slot29.CombinationID",,"rngLoadCombinations","Config!O32","UserInput","Text","User load units / ID / path / profile / comment","-","PendingCatalogMapping","Обязательное поле ненулевой строки","Ненулевая строка LC; полностью пустая и достоверно нулевая нагрузка пропускаются, source slot сохраняется","CLoadCombinationReader -> CUnitSystem -> реальные profiles/batch -> State/Capacity/Formation -> typed result comments/status -> CBatchResultWriter","ID сохраняется в своей строке Results после повторного Execute, перестановки и пропусков строк","modTestLoadTableConfig.RunAudit03LoadTableTests","docs/regression/Audit03/load_table_diagnostic_v143_2026-10-03.txt; docs/regression/Audit03/full_off_profile_scope_final_v173_2026-10-03.txt; docs/regression/Audit03/full_on_profile_scope_final_v173_2026-10-03.txt","ActiveBehaviorAccepted:FullRangeReviewNotComplete","Непустой ID для ненулевой строки; идентичность определяется source slot, не числовой сортировкой ID","910 случаев: 30 строк x семь полей, шесть путей обоих Search consumers, четыре профиля, повтор/обратный порядок/пропуски, optional blanks, CVErr/нечисловые и overflow значения. Это активное адресное поведение; все произвольные геометрии, масштабы нагрузок и взаимодействия Config не объявляются закрытыми.",
"rngLoadCombinations.Slot29.N, tf",,"rngLoadCombinations","Config!P32","UserInput","Double","User load units / ID / path / profile / comment","N","PendingCatalogMapping","Пустая ячейка -> 0; некорректный ввод не подменяется нулем","Ненулевая строка LC; полностью пустая и достоверно нулевая нагрузка пропускаются, source slot сохраняется","CLoadCombinationReader -> CUnitSystem -> реальные profiles/batch -> State/Capacity/Formation -> typed result comments/status -> CBatchResultWriter","Введенная сила дает независимо проверенные внутренний знак, величину и target состояния; участвует в физическом LambdaN/NMxy","modTestLoadTableConfig.RunAudit03LoadTableTests","docs/regression/Audit03/load_table_diagnostic_v143_2026-10-03.txt; docs/regression/Audit03/full_off_profile_scope_final_v173_2026-10-03.txt; docs/regression/Audit03/full_on_profile_scope_final_v173_2026-10-03.txt","ActiveBehaviorAccepted:FullRangeReviewNotComplete","Представимый Double; допустимый диапазон дополнительно ограничен пересчетом INPUT -> внутренние единицы","910 случаев: 30 строк x семь полей, шесть путей обоих Search consumers, четыре профиля, повтор/обратный порядок/пропуски, optional blanks, CVErr/нечисловые и overflow значения. Это активное адресное поведение; все произвольные геометрии, масштабы нагрузок и взаимодействия Config не объявляются закрытыми.",
"rngLoadCombinations.Slot29.Mx, tf*m",,"rngLoadCombinations","Config!Q32","UserInput","Double","User load units / ID / path / profile / comment","N*mm","PendingCatalogMapping","Пустая ячейка -> 0; некорректный ввод не подменяется нулем","Ненулевая строка LC; полностью пустая и достоверно нулевая нагрузка пропускаются, source slot сохраняется","CLoadCombinationReader -> CUnitSystem -> реальные profiles/batch -> State/Capacity/Formation -> typed result comments/status -> CBatchResultWriter","Введенный Mx дает независимо проверенные величину и target состояния; физические Mx/Mxy/NMxy и fixed компоненты сверяются отдельно","modTestLoadTableConfig.RunAudit03LoadTableTests","docs/regression/Audit03/load_table_diagnostic_v143_2026-10-03.txt; docs/regression/Audit03/full_off_profile_scope_final_v173_2026-10-03.txt; docs/regression/Audit03/full_on_profile_scope_final_v173_2026-10-03.txt","ActiveBehaviorAccepted:FullRangeReviewNotComplete","Представимый Double; допустимый диапазон дополнительно ограничен пересчетом INPUT -> внутренние единицы","910 случаев: 30 строк x семь полей, шесть путей обоих Search consumers, четыре профиля, повтор/обратный порядок/пропуски, optional blanks, CVErr/нечисловые и overflow значения. Это активное адресное поведение; все произвольные геометрии, масштабы нагрузок и взаимодействия Config не объявляются закрытыми.",
"rngLoadCombinations.Slot29.My, tf*m",,"rngLoadCombinations","Config!R32","UserInput","Double","User load units / ID / path / profile / comment","N*mm","PendingCatalogMapping","Пустая ячейка -> 0; некорректный ввод не подменяется нулем","Ненулевая строка LC; полностью пустая и достоверно нулевая нагрузка пропускаются, source slot сохраняется","CLoadCombinationReader -> CUnitSystem -> реальные profiles/batch -> State/Capacity/Formation -> typed result comments/status -> CBatchResultWriter","Введенный My дает независимо проверенные величину и target состояния; физические My/Mxy/NMxy и fixed компоненты сверяются отдельно","modTestLoadTableConfig.RunAudit03LoadTableTests","docs/regression/Audit03/load_table_diagnostic_v143_2026-10-03.txt; docs/regression/Audit03/full_off_profile_scope_final_v173_2026-10-03.txt; docs/regression/Audit03/full_on_profile_scope_final_v173_2026-10-03.txt","ActiveBehaviorAccepted:FullRangeReviewNotComplete","Представимый Double; допустимый диапазон дополнительно ограничен пересчетом INPUT -> внутренние единицы","910 случаев: 30 строк x семь полей, шесть путей обоих Search consumers, четыре профиля, повтор/обратный порядок/пропуски, optional blanks, CVErr/нечисловые и overflow значения. Это активное адресное поведение; все произвольные геометрии, масштабы нагрузок и взаимодействия Config не объявляются закрытыми.",
"rngLoadCombinations.Slot29.ProfileId",,"rngLoadCombinations","Config!S32","UserInput","Enum","User load units / ID / path / profile / comment","-","PendingCatalogMapping","Обязательное поле ненулевой строки","Ненулевая строка LC; полностью пустая и достоверно нулевая нагрузка пропускаются, source slot сохраняется","CLoadCombinationReader -> CUnitSystem -> реальные profiles/batch -> State/Capacity/Formation -> typed result comments/status -> CBatchResultWriter","Все четыре реальные профиля читаются каталогом и назначаются конкретному LC; active Direct/Capacity/Crack реально исполняются","modTestLoadTableConfig.RunAudit03LoadTableTests","docs/regression/Audit03/load_table_diagnostic_v143_2026-10-03.txt; docs/regression/Audit03/full_off_profile_scope_final_v173_2026-10-03.txt; docs/regression/Audit03/full_on_profile_scope_final_v173_2026-10-03.txt","ActiveBehaviorAccepted:FullRangeReviewNotComplete","ID из реального CCalculationProfileCatalog; штатные PR1/PR2/PR3/PR4","910 случаев: 30 строк x семь полей, шесть путей обоих Search consumers, четыре профиля, повтор/обратный порядок/пропуски, optional blanks, CVErr/нечисловые и overflow значения. Это активное адресное поведение; все произвольные геометрии, масштабы нагрузок и взаимодействия Config не объявляются закрытыми.",
"rngLoadCombinations.Slot29.LoadPath",,"rngLoadCombinations","Config!T32","UserInput","Enum","User load units / ID / path / profile / comment","-","PendingCatalogMapping","Пустая ячейка -> Auto","Ненулевая строка LC; полностью пустая и достоверно нулевая нагрузка пропускаются, source slot сохраняется","CLoadCombinationReader -> CUnitSystem -> реальные profiles/batch -> State/Capacity/Formation -> typed result comments/status -> CBatchResultWriter","Все шесть путей реально используются Capacity/Formation; сохраненные физические точки сверены с независимым разложением N/Mx/My, без подмены fixed пути","modTestLoadTableConfig.RunAudit03LoadTableTests","docs/regression/Audit03/load_table_diagnostic_v143_2026-10-03.txt; docs/regression/Audit03/full_off_profile_scope_final_v173_2026-10-03.txt; docs/regression/Audit03/full_on_profile_scope_final_v173_2026-10-03.txt","ActiveBehaviorAccepted:FullRangeReviewNotComplete","Auto / LambdaMx / LambdaMy / LambdaMxy / LambdaN / LambdaNMxy и штатные display aliases","910 случаев: 30 строк x семь полей, шесть путей обоих Search consumers, четыре профиля, повтор/обратный порядок/пропуски, optional blanks, CVErr/нечисловые и overflow значения. Это активное адресное поведение; все произвольные геометрии, масштабы нагрузок и взаимодействия Config не объявляются закрытыми.",
"rngLoadCombinations.Slot29.Comment",,"rngLoadCombinations","Config!U32","UserInput","Text","User load units / ID / path / profile / comment","-","PendingCatalogMapping","Пустой пользовательский комментарий разрешен","Ненулевая строка LC; полностью пустая и достоверно нулевая нагрузка пропускаются, source slot сохраняется","CLoadCombinationReader -> CUnitSystem -> реальные profiles/batch -> State/Capacity/Formation -> typed result comments/status -> CBatchResultWriter","Комментарий сохраняется без смешивания с инженерным ResultComment и следует своей строке при перестановке/пропусках","modTestLoadTableConfig.RunAudit03LoadTableTests","docs/regression/Audit03/load_table_diagnostic_v143_2026-10-03.txt; docs/regression/Audit03/full_off_profile_scope_final_v173_2026-10-03.txt; docs/regression/Audit03/full_on_profile_scope_final_v173_2026-10-03.txt","ActiveBehaviorAccepted:FullRangeReviewNotComplete","Текст пользовательского комментария; пустое значение разрешено","910 случаев: 30 строк x семь полей, шесть путей обоих Search consumers, четыре профиля, повтор/обратный порядок/пропуски, optional blanks, CVErr/нечисловые и overflow значения. Это активное адресное поведение; все произвольные геометрии, масштабы нагрузок и взаимодействия Config не объявляются закрытыми.",
"rngLoadCombinations.Slot30.CombinationID",,"rngLoadCombinations","Config!O33","UserInput","Text","User load units / ID / path / profile / comment","-","PendingCatalogMapping","Обязательное поле ненулевой строки","Ненулевая строка LC; полностью пустая и достоверно нулевая нагрузка пропускаются, source slot сохраняется","CLoadCombinationReader -> CUnitSystem -> реальные profiles/batch -> State/Capacity/Formation -> typed result comments/status -> CBatchResultWriter","ID сохраняется в своей строке Results после повторного Execute, перестановки и пропусков строк","modTestLoadTableConfig.RunAudit03LoadTableTests","docs/regression/Audit03/load_table_diagnostic_v143_2026-10-03.txt; docs/regression/Audit03/full_off_profile_scope_final_v173_2026-10-03.txt; docs/regression/Audit03/full_on_profile_scope_final_v173_2026-10-03.txt","ActiveBehaviorAccepted:FullRangeReviewNotComplete","Непустой ID для ненулевой строки; идентичность определяется source slot, не числовой сортировкой ID","910 случаев: 30 строк x семь полей, шесть путей обоих Search consumers, четыре профиля, повтор/обратный порядок/пропуски, optional blanks, CVErr/нечисловые и overflow значения. Это активное адресное поведение; все произвольные геометрии, масштабы нагрузок и взаимодействия Config не объявляются закрытыми.",
"rngLoadCombinations.Slot30.N, tf",,"rngLoadCombinations","Config!P33","UserInput","Double","User load units / ID / path / profile / comment","N","PendingCatalogMapping","Пустая ячейка -> 0; некорректный ввод не подменяется нулем","Ненулевая строка LC; полностью пустая и достоверно нулевая нагрузка пропускаются, source slot сохраняется","CLoadCombinationReader -> CUnitSystem -> реальные profiles/batch -> State/Capacity/Formation -> typed result comments/status -> CBatchResultWriter","Введенная сила дает независимо проверенные внутренний знак, величину и target состояния; участвует в физическом LambdaN/NMxy","modTestLoadTableConfig.RunAudit03LoadTableTests","docs/regression/Audit03/load_table_diagnostic_v143_2026-10-03.txt; docs/regression/Audit03/full_off_profile_scope_final_v173_2026-10-03.txt; docs/regression/Audit03/full_on_profile_scope_final_v173_2026-10-03.txt","ActiveBehaviorAccepted:FullRangeReviewNotComplete","Представимый Double; допустимый диапазон дополнительно ограничен пересчетом INPUT -> внутренние единицы","910 случаев: 30 строк x семь полей, шесть путей обоих Search consumers, четыре профиля, повтор/обратный порядок/пропуски, optional blanks, CVErr/нечисловые и overflow значения. Это активное адресное поведение; все произвольные геометрии, масштабы нагрузок и взаимодействия Config не объявляются закрытыми.",
"rngLoadCombinations.Slot30.Mx, tf*m",,"rngLoadCombinations","Config!Q33","UserInput","Double","User load units / ID / path / profile / comment","N*mm","PendingCatalogMapping","Пустая ячейка -> 0; некорректный ввод не подменяется нулем","Ненулевая строка LC; полностью пустая и достоверно нулевая нагрузка пропускаются, source slot сохраняется","CLoadCombinationReader -> CUnitSystem -> реальные profiles/batch -> State/Capacity/Formation -> typed result comments/status -> CBatchResultWriter","Введенный Mx дает независимо проверенные величину и target состояния; физические Mx/Mxy/NMxy и fixed компоненты сверяются отдельно","modTestLoadTableConfig.RunAudit03LoadTableTests","docs/regression/Audit03/load_table_diagnostic_v143_2026-10-03.txt; docs/regression/Audit03/full_off_profile_scope_final_v173_2026-10-03.txt; docs/regression/Audit03/full_on_profile_scope_final_v173_2026-10-03.txt","ActiveBehaviorAccepted:FullRangeReviewNotComplete","Представимый Double; допустимый диапазон дополнительно ограничен пересчетом INPUT -> внутренние единицы","910 случаев: 30 строк x семь полей, шесть путей обоих Search consumers, четыре профиля, повтор/обратный порядок/пропуски, optional blanks, CVErr/нечисловые и overflow значения. Это активное адресное поведение; все произвольные геометрии, масштабы нагрузок и взаимодействия Config не объявляются закрытыми.",
"rngLoadCombinations.Slot30.My, tf*m",,"rngLoadCombinations","Config!R33","UserInput","Double","User load units / ID / path / profile / comment","N*mm","PendingCatalogMapping","Пустая ячейка -> 0; некорректный ввод не подменяется нулем","Ненулевая строка LC; полностью пустая и достоверно нулевая нагрузка пропускаются, source slot сохраняется","CLoadCombinationReader -> CUnitSystem -> реальные profiles/batch -> State/Capacity/Formation -> typed result comments/status -> CBatchResultWriter","Введенный My дает независимо проверенные величину и target состояния; физические My/Mxy/NMxy и fixed компоненты сверяются отдельно","modTestLoadTableConfig.RunAudit03LoadTableTests","docs/regression/Audit03/load_table_diagnostic_v143_2026-10-03.txt; docs/regression/Audit03/full_off_profile_scope_final_v173_2026-10-03.txt; docs/regression/Audit03/full_on_profile_scope_final_v173_2026-10-03.txt","ActiveBehaviorAccepted:FullRangeReviewNotComplete","Представимый Double; допустимый диапазон дополнительно ограничен пересчетом INPUT -> внутренние единицы","910 случаев: 30 строк x семь полей, шесть путей обоих Search consumers, четыре профиля, повтор/обратный порядок/пропуски, optional blanks, CVErr/нечисловые и overflow значения. Это активное адресное поведение; все произвольные геометрии, масштабы нагрузок и взаимодействия Config не объявляются закрытыми.",
"rngLoadCombinations.Slot30.ProfileId",,"rngLoadCombinations","Config!S33","UserInput","Enum","User load units / ID / path / profile / comment","-","PendingCatalogMapping","Обязательное поле ненулевой строки","Ненулевая строка LC; полностью пустая и достоверно нулевая нагрузка пропускаются, source slot сохраняется","CLoadCombinationReader -> CUnitSystem -> реальные profiles/batch -> State/Capacity/Formation -> typed result comments/status -> CBatchResultWriter","Все четыре реальные профиля читаются каталогом и назначаются конкретному LC; active Direct/Capacity/Crack реально исполняются","modTestLoadTableConfig.RunAudit03LoadTableTests","docs/regression/Audit03/load_table_diagnostic_v143_2026-10-03.txt; docs/regression/Audit03/full_off_profile_scope_final_v173_2026-10-03.txt; docs/regression/Audit03/full_on_profile_scope_final_v173_2026-10-03.txt","ActiveBehaviorAccepted:FullRangeReviewNotComplete","ID из реального CCalculationProfileCatalog; штатные PR1/PR2/PR3/PR4","910 случаев: 30 строк x семь полей, шесть путей обоих Search consumers, четыре профиля, повтор/обратный порядок/пропуски, optional blanks, CVErr/нечисловые и overflow значения. Это активное адресное поведение; все произвольные геометрии, масштабы нагрузок и взаимодействия Config не объявляются закрытыми.",
"rngLoadCombinations.Slot30.LoadPath",,"rngLoadCombinations","Config!T33","UserInput","Enum","User load units / ID / path / profile / comment","-","PendingCatalogMapping","Пустая ячейка -> Auto","Ненулевая строка LC; полностью пустая и достоверно нулевая нагрузка пропускаются, source slot сохраняется","CLoadCombinationReader -> CUnitSystem -> реальные profiles/batch -> State/Capacity/Formation -> typed result comments/status -> CBatchResultWriter","Все шесть путей реально используются Capacity/Formation; сохраненные физические точки сверены с независимым разложением N/Mx/My, без подмены fixed пути","modTestLoadTableConfig.RunAudit03LoadTableTests","docs/regression/Audit03/load_table_diagnostic_v143_2026-10-03.txt; docs/regression/Audit03/full_off_profile_scope_final_v173_2026-10-03.txt; docs/regression/Audit03/full_on_profile_scope_final_v173_2026-10-03.txt","ActiveBehaviorAccepted:FullRangeReviewNotComplete","Auto / LambdaMx / LambdaMy / LambdaMxy / LambdaN / LambdaNMxy и штатные display aliases","910 случаев: 30 строк x семь полей, шесть путей обоих Search consumers, четыре профиля, повтор/обратный порядок/пропуски, optional blanks, CVErr/нечисловые и overflow значения. Это активное адресное поведение; все произвольные геометрии, масштабы нагрузок и взаимодействия Config не объявляются закрытыми.",
"rngLoadCombinations.Slot30.Comment",,"rngLoadCombinations","Config!U33","UserInput","Text","User load units / ID / path / profile / comment","-","PendingCatalogMapping","Пустой пользовательский комментарий разрешен","Ненулевая строка LC; полностью пустая и достоверно нулевая нагрузка пропускаются, source slot сохраняется","CLoadCombinationReader -> CUnitSystem -> реальные profiles/batch -> State/Capacity/Formation -> typed result comments/status -> CBatchResultWriter","Комментарий сохраняется без смешивания с инженерным ResultComment и следует своей строке при перестановке/пропусках","modTestLoadTableConfig.RunAudit03LoadTableTests","docs/regression/Audit03/load_table_diagnostic_v143_2026-10-03.txt; docs/regression/Audit03/full_off_profile_scope_final_v173_2026-10-03.txt; docs/regression/Audit03/full_on_profile_scope_final_v173_2026-10-03.txt","ActiveBehaviorAccepted:FullRangeReviewNotComplete","Текст пользовательского комментария; пустое значение разрешено","910 случаев: 30 строк x семь полей, шесть путей обоих Search consumers, четыре профиля, повтор/обратный порядок/пропуски, optional blanks, CVErr/нечисловые и overflow значения. Это активное адресное поведение; все произвольные геометрии, масштабы нагрузок и взаимодействия Config не объявляются закрытыми.",
"rngStabilityDurationLoads.Slot1.LC",,"rngStabilityDurationLoads","Config!P38","DerivedFormula","Formula","User load units / ID / path / profile / comment","PendingPerFieldReview","PendingCatalogMapping","PendingCallSiteReview","Requested source LC slot; gaps and IDs preserved","modWorkbookCalculation.LoadStabilityDurationLoadsFromWorkbook -> CBatchSectionCalculator -> CStabilityCalculator","PendingDirectedBehaviorTest","NotRun","NotRun","Inventoried:BehaviorNotAccepted",,,
"rngStabilityDurationLoads.Slot1.N, tf","rngStabilityDurationLoads.Slot1.N","rngStabilityDurationLoads","Config!Q38","UserInput","Optional signed numeric load","User load units / ID / path / profile / comment","N","PendingCatalogMapping","Новая таблица содержит 0; пустое числовое поле или отсутствующий ID означают 0. Непрочитанная таблица и ошибочный ввод не подменяются нулями","Назначенный LC с Calculation.Stability.Enabled=Yes и совпадающим Combination ID; для повторного ID используется первая строка","modWorkbookCalculation workbook-reader -> CUnitSystem -> CBatchSectionCalculator -> CStabilityCalculator/CStabilityResult -> canonical meta/summary writers; другие проверки продолжаются, writer не решает State","Реальные внутренние N длительной части, коэффициент PhiL1 существующей ветви SP63, фактические численные ячейки и ResultComment соответствующих writers","modTestProfileConfig.RunAudit03DurationConfigTests","docs/regression/Audit03/duration_v178_2026-10-03.txt; docs/regression/Audit03/full_off_duration_v179_2026-10-03.txt; docs/regression/Audit03/full_on_duration_v179_2026-10-03.txt","ActiveBehaviorAccepted:FullRangeReviewNotComplete","Положительное, отрицательное или нулевое число, которое читается и переводится в выбранные INPUT-единицы без переполнения; произвольный нормативный предел не добавлен","390 числовых вариантов всех 90 полей, 24 комбинации INPUT units/signs, независимые внутренние компоненты и PhiL, comments actual writers. Полный континуум, другие нормативные ветви и остальные взаимодействия Config этим срезом не закрываются",
"rngStabilityDurationLoads.Slot1.Mx, tf*m","rngStabilityDurationLoads.Slot1.Mx","rngStabilityDurationLoads","Config!R38","UserInput","Optional signed numeric load","User load units / ID / path / profile / comment","N*mm","PendingCatalogMapping","Новая таблица содержит 0; пустое числовое поле или отсутствующий ID означают 0. Непрочитанная таблица и ошибочный ввод не подменяются нулями","Назначенный LC с Calculation.Stability.Enabled=Yes и совпадающим Combination ID; для повторного ID используется первая строка","modWorkbookCalculation workbook-reader -> CUnitSystem -> CBatchSectionCalculator -> CStabilityCalculator/CStabilityResult -> canonical meta/summary writers; другие проверки продолжаются, writer не решает State","Реальные внутренние Mx длительной части, коэффициент PhiL1 существующей ветви SP63, фактические численные ячейки и ResultComment соответствующих writers","modTestProfileConfig.RunAudit03DurationConfigTests","docs/regression/Audit03/duration_v178_2026-10-03.txt; docs/regression/Audit03/full_off_duration_v179_2026-10-03.txt; docs/regression/Audit03/full_on_duration_v179_2026-10-03.txt","ActiveBehaviorAccepted:FullRangeReviewNotComplete","Положительное, отрицательное или нулевое число, которое читается и переводится в выбранные INPUT-единицы без переполнения; произвольный нормативный предел не добавлен","390 числовых вариантов всех 90 полей, 24 комбинации INPUT units/signs, независимые внутренние компоненты и PhiL, comments actual writers. Полный континуум, другие нормативные ветви и остальные взаимодействия Config этим срезом не закрываются",
"rngStabilityDurationLoads.Slot1.My, tf*m","rngStabilityDurationLoads.Slot1.My","rngStabilityDurationLoads","Config!S38","UserInput","Optional signed numeric load","User load units / ID / path / profile / comment","N*mm","PendingCatalogMapping","Новая таблица содержит 0; пустое числовое поле или отсутствующий ID означают 0. Непрочитанная таблица и ошибочный ввод не подменяются нулями","Назначенный LC с Calculation.Stability.Enabled=Yes и совпадающим Combination ID; для повторного ID используется первая строка","modWorkbookCalculation workbook-reader -> CUnitSystem -> CBatchSectionCalculator -> CStabilityCalculator/CStabilityResult -> canonical meta/summary writers; другие проверки продолжаются, writer не решает State","Реальные внутренние My длительной части, коэффициент PhiL2 существующей ветви SP63, фактические численные ячейки и ResultComment соответствующих writers","modTestProfileConfig.RunAudit03DurationConfigTests","docs/regression/Audit03/duration_v178_2026-10-03.txt; docs/regression/Audit03/full_off_duration_v179_2026-10-03.txt; docs/regression/Audit03/full_on_duration_v179_2026-10-03.txt","ActiveBehaviorAccepted:FullRangeReviewNotComplete","Положительное, отрицательное или нулевое число, которое читается и переводится в выбранные INPUT-единицы без переполнения; произвольный нормативный предел не добавлен","390 числовых вариантов всех 90 полей, 24 комбинации INPUT units/signs, независимые внутренние компоненты и PhiL, comments actual writers. Полный континуум, другие нормативные ветви и остальные взаимодействия Config этим срезом не закрываются",
"rngStabilityDurationLoads.Slot2.LC",,"rngStabilityDurationLoads","Config!P39","DerivedFormula","Formula","User load units / ID / path / profile / comment","PendingPerFieldReview","PendingCatalogMapping","PendingCallSiteReview","Requested source LC slot; gaps and IDs preserved","modWorkbookCalculation.LoadStabilityDurationLoadsFromWorkbook -> CBatchSectionCalculator -> CStabilityCalculator","PendingDirectedBehaviorTest","NotRun","NotRun","Inventoried:BehaviorNotAccepted",,,
"rngStabilityDurationLoads.Slot2.N, tf","rngStabilityDurationLoads.Slot2.N","rngStabilityDurationLoads","Config!Q39","UserInput","Optional signed numeric load","User load units / ID / path / profile / comment","N","PendingCatalogMapping","Новая таблица содержит 0; пустое числовое поле или отсутствующий ID означают 0. Непрочитанная таблица и ошибочный ввод не подменяются нулями","Назначенный LC с Calculation.Stability.Enabled=Yes и совпадающим Combination ID; для повторного ID используется первая строка","modWorkbookCalculation workbook-reader -> CUnitSystem -> CBatchSectionCalculator -> CStabilityCalculator/CStabilityResult -> canonical meta/summary writers; другие проверки продолжаются, writer не решает State","Реальные внутренние N длительной части, коэффициент PhiL1 существующей ветви SP63, фактические численные ячейки и ResultComment соответствующих writers","modTestProfileConfig.RunAudit03DurationConfigTests","docs/regression/Audit03/duration_v178_2026-10-03.txt; docs/regression/Audit03/full_off_duration_v179_2026-10-03.txt; docs/regression/Audit03/full_on_duration_v179_2026-10-03.txt","ActiveBehaviorAccepted:FullRangeReviewNotComplete","Положительное, отрицательное или нулевое число, которое читается и переводится в выбранные INPUT-единицы без переполнения; произвольный нормативный предел не добавлен","390 числовых вариантов всех 90 полей, 24 комбинации INPUT units/signs, независимые внутренние компоненты и PhiL, comments actual writers. Полный континуум, другие нормативные ветви и остальные взаимодействия Config этим срезом не закрываются",
"rngStabilityDurationLoads.Slot2.Mx, tf*m","rngStabilityDurationLoads.Slot2.Mx","rngStabilityDurationLoads","Config!R39","UserInput","Optional signed numeric load","User load units / ID / path / profile / comment","N*mm","PendingCatalogMapping","Новая таблица содержит 0; пустое числовое поле или отсутствующий ID означают 0. Непрочитанная таблица и ошибочный ввод не подменяются нулями","Назначенный LC с Calculation.Stability.Enabled=Yes и совпадающим Combination ID; для повторного ID используется первая строка","modWorkbookCalculation workbook-reader -> CUnitSystem -> CBatchSectionCalculator -> CStabilityCalculator/CStabilityResult -> canonical meta/summary writers; другие проверки продолжаются, writer не решает State","Реальные внутренние Mx длительной части, коэффициент PhiL1 существующей ветви SP63, фактические численные ячейки и ResultComment соответствующих writers","modTestProfileConfig.RunAudit03DurationConfigTests","docs/regression/Audit03/duration_v178_2026-10-03.txt; docs/regression/Audit03/full_off_duration_v179_2026-10-03.txt; docs/regression/Audit03/full_on_duration_v179_2026-10-03.txt","ActiveBehaviorAccepted:FullRangeReviewNotComplete","Положительное, отрицательное или нулевое число, которое читается и переводится в выбранные INPUT-единицы без переполнения; произвольный нормативный предел не добавлен","390 числовых вариантов всех 90 полей, 24 комбинации INPUT units/signs, независимые внутренние компоненты и PhiL, comments actual writers. Полный континуум, другие нормативные ветви и остальные взаимодействия Config этим срезом не закрываются",
"rngStabilityDurationLoads.Slot2.My, tf*m","rngStabilityDurationLoads.Slot2.My","rngStabilityDurationLoads","Config!S39","UserInput","Optional signed numeric load","User load units / ID / path / profile / comment","N*mm","PendingCatalogMapping","Новая таблица содержит 0; пустое числовое поле или отсутствующий ID означают 0. Непрочитанная таблица и ошибочный ввод не подменяются нулями","Назначенный LC с Calculation.Stability.Enabled=Yes и совпадающим Combination ID; для повторного ID используется первая строка","modWorkbookCalculation workbook-reader -> CUnitSystem -> CBatchSectionCalculator -> CStabilityCalculator/CStabilityResult -> canonical meta/summary writers; другие проверки продолжаются, writer не решает State","Реальные внутренние My длительной части, коэффициент PhiL2 существующей ветви SP63, фактические численные ячейки и ResultComment соответствующих writers","modTestProfileConfig.RunAudit03DurationConfigTests","docs/regression/Audit03/duration_v178_2026-10-03.txt; docs/regression/Audit03/full_off_duration_v179_2026-10-03.txt; docs/regression/Audit03/full_on_duration_v179_2026-10-03.txt","ActiveBehaviorAccepted:FullRangeReviewNotComplete","Положительное, отрицательное или нулевое число, которое читается и переводится в выбранные INPUT-единицы без переполнения; произвольный нормативный предел не добавлен","390 числовых вариантов всех 90 полей, 24 комбинации INPUT units/signs, независимые внутренние компоненты и PhiL, comments actual writers. Полный континуум, другие нормативные ветви и остальные взаимодействия Config этим срезом не закрываются",
"rngStabilityDurationLoads.Slot3.LC",,"rngStabilityDurationLoads","Config!P40","DerivedFormula","Formula","User load units / ID / path / profile / comment","PendingPerFieldReview","PendingCatalogMapping","PendingCallSiteReview","Requested source LC slot; gaps and IDs preserved","modWorkbookCalculation.LoadStabilityDurationLoadsFromWorkbook -> CBatchSectionCalculator -> CStabilityCalculator","PendingDirectedBehaviorTest","NotRun","NotRun","Inventoried:BehaviorNotAccepted",,,
"rngStabilityDurationLoads.Slot3.N, tf","rngStabilityDurationLoads.Slot3.N","rngStabilityDurationLoads","Config!Q40","UserInput","Optional signed numeric load","User load units / ID / path / profile / comment","N","PendingCatalogMapping","Новая таблица содержит 0; пустое числовое поле или отсутствующий ID означают 0. Непрочитанная таблица и ошибочный ввод не подменяются нулями","Назначенный LC с Calculation.Stability.Enabled=Yes и совпадающим Combination ID; для повторного ID используется первая строка","modWorkbookCalculation workbook-reader -> CUnitSystem -> CBatchSectionCalculator -> CStabilityCalculator/CStabilityResult -> canonical meta/summary writers; другие проверки продолжаются, writer не решает State","Реальные внутренние N длительной части, коэффициент PhiL1 существующей ветви SP63, фактические численные ячейки и ResultComment соответствующих writers","modTestProfileConfig.RunAudit03DurationConfigTests","docs/regression/Audit03/duration_v178_2026-10-03.txt; docs/regression/Audit03/full_off_duration_v179_2026-10-03.txt; docs/regression/Audit03/full_on_duration_v179_2026-10-03.txt","ActiveBehaviorAccepted:FullRangeReviewNotComplete","Положительное, отрицательное или нулевое число, которое читается и переводится в выбранные INPUT-единицы без переполнения; произвольный нормативный предел не добавлен","390 числовых вариантов всех 90 полей, 24 комбинации INPUT units/signs, независимые внутренние компоненты и PhiL, comments actual writers. Полный континуум, другие нормативные ветви и остальные взаимодействия Config этим срезом не закрываются",
"rngStabilityDurationLoads.Slot3.Mx, tf*m","rngStabilityDurationLoads.Slot3.Mx","rngStabilityDurationLoads","Config!R40","UserInput","Optional signed numeric load","User load units / ID / path / profile / comment","N*mm","PendingCatalogMapping","Новая таблица содержит 0; пустое числовое поле или отсутствующий ID означают 0. Непрочитанная таблица и ошибочный ввод не подменяются нулями","Назначенный LC с Calculation.Stability.Enabled=Yes и совпадающим Combination ID; для повторного ID используется первая строка","modWorkbookCalculation workbook-reader -> CUnitSystem -> CBatchSectionCalculator -> CStabilityCalculator/CStabilityResult -> canonical meta/summary writers; другие проверки продолжаются, writer не решает State","Реальные внутренние Mx длительной части, коэффициент PhiL1 существующей ветви SP63, фактические численные ячейки и ResultComment соответствующих writers","modTestProfileConfig.RunAudit03DurationConfigTests","docs/regression/Audit03/duration_v178_2026-10-03.txt; docs/regression/Audit03/full_off_duration_v179_2026-10-03.txt; docs/regression/Audit03/full_on_duration_v179_2026-10-03.txt","ActiveBehaviorAccepted:FullRangeReviewNotComplete","Положительное, отрицательное или нулевое число, которое читается и переводится в выбранные INPUT-единицы без переполнения; произвольный нормативный предел не добавлен","390 числовых вариантов всех 90 полей, 24 комбинации INPUT units/signs, независимые внутренние компоненты и PhiL, comments actual writers. Полный континуум, другие нормативные ветви и остальные взаимодействия Config этим срезом не закрываются",
"rngStabilityDurationLoads.Slot3.My, tf*m","rngStabilityDurationLoads.Slot3.My","rngStabilityDurationLoads","Config!S40","UserInput","Optional signed numeric load","User load units / ID / path / profile / comment","N*mm","PendingCatalogMapping","Новая таблица содержит 0; пустое числовое поле или отсутствующий ID означают 0. Непрочитанная таблица и ошибочный ввод не подменяются нулями","Назначенный LC с Calculation.Stability.Enabled=Yes и совпадающим Combination ID; для повторного ID используется первая строка","modWorkbookCalculation workbook-reader -> CUnitSystem -> CBatchSectionCalculator -> CStabilityCalculator/CStabilityResult -> canonical meta/summary writers; другие проверки продолжаются, writer не решает State","Реальные внутренние My длительной части, коэффициент PhiL2 существующей ветви SP63, фактические численные ячейки и ResultComment соответствующих writers","modTestProfileConfig.RunAudit03DurationConfigTests","docs/regression/Audit03/duration_v178_2026-10-03.txt; docs/regression/Audit03/full_off_duration_v179_2026-10-03.txt; docs/regression/Audit03/full_on_duration_v179_2026-10-03.txt","ActiveBehaviorAccepted:FullRangeReviewNotComplete","Положительное, отрицательное или нулевое число, которое читается и переводится в выбранные INPUT-единицы без переполнения; произвольный нормативный предел не добавлен","390 числовых вариантов всех 90 полей, 24 комбинации INPUT units/signs, независимые внутренние компоненты и PhiL, comments actual writers. Полный континуум, другие нормативные ветви и остальные взаимодействия Config этим срезом не закрываются",
"rngStabilityDurationLoads.Slot4.LC",,"rngStabilityDurationLoads","Config!P41","DerivedFormula","Formula","User load units / ID / path / profile / comment","PendingPerFieldReview","PendingCatalogMapping","PendingCallSiteReview","Requested source LC slot; gaps and IDs preserved","modWorkbookCalculation.LoadStabilityDurationLoadsFromWorkbook -> CBatchSectionCalculator -> CStabilityCalculator","PendingDirectedBehaviorTest","NotRun","NotRun","Inventoried:BehaviorNotAccepted",,,
"rngStabilityDurationLoads.Slot4.N, tf","rngStabilityDurationLoads.Slot4.N","rngStabilityDurationLoads","Config!Q41","UserInput","Optional signed numeric load","User load units / ID / path / profile / comment","N","PendingCatalogMapping","Новая таблица содержит 0; пустое числовое поле или отсутствующий ID означают 0. Непрочитанная таблица и ошибочный ввод не подменяются нулями","Назначенный LC с Calculation.Stability.Enabled=Yes и совпадающим Combination ID; для повторного ID используется первая строка","modWorkbookCalculation workbook-reader -> CUnitSystem -> CBatchSectionCalculator -> CStabilityCalculator/CStabilityResult -> canonical meta/summary writers; другие проверки продолжаются, writer не решает State","Реальные внутренние N длительной части, коэффициент PhiL1 существующей ветви SP63, фактические численные ячейки и ResultComment соответствующих writers","modTestProfileConfig.RunAudit03DurationConfigTests","docs/regression/Audit03/duration_v178_2026-10-03.txt; docs/regression/Audit03/full_off_duration_v179_2026-10-03.txt; docs/regression/Audit03/full_on_duration_v179_2026-10-03.txt","ActiveBehaviorAccepted:FullRangeReviewNotComplete","Положительное, отрицательное или нулевое число, которое читается и переводится в выбранные INPUT-единицы без переполнения; произвольный нормативный предел не добавлен","390 числовых вариантов всех 90 полей, 24 комбинации INPUT units/signs, независимые внутренние компоненты и PhiL, comments actual writers. Полный континуум, другие нормативные ветви и остальные взаимодействия Config этим срезом не закрываются",
"rngStabilityDurationLoads.Slot4.Mx, tf*m","rngStabilityDurationLoads.Slot4.Mx","rngStabilityDurationLoads","Config!R41","UserInput","Optional signed numeric load","User load units / ID / path / profile / comment","N*mm","PendingCatalogMapping","Новая таблица содержит 0; пустое числовое поле или отсутствующий ID означают 0. Непрочитанная таблица и ошибочный ввод не подменяются нулями","Назначенный LC с Calculation.Stability.Enabled=Yes и совпадающим Combination ID; для повторного ID используется первая строка","modWorkbookCalculation workbook-reader -> CUnitSystem -> CBatchSectionCalculator -> CStabilityCalculator/CStabilityResult -> canonical meta/summary writers; другие проверки продолжаются, writer не решает State","Реальные внутренние Mx длительной части, коэффициент PhiL1 существующей ветви SP63, фактические численные ячейки и ResultComment соответствующих writers","modTestProfileConfig.RunAudit03DurationConfigTests","docs/regression/Audit03/duration_v178_2026-10-03.txt; docs/regression/Audit03/full_off_duration_v179_2026-10-03.txt; docs/regression/Audit03/full_on_duration_v179_2026-10-03.txt","ActiveBehaviorAccepted:FullRangeReviewNotComplete","Положительное, отрицательное или нулевое число, которое читается и переводится в выбранные INPUT-единицы без переполнения; произвольный нормативный предел не добавлен","390 числовых вариантов всех 90 полей, 24 комбинации INPUT units/signs, независимые внутренние компоненты и PhiL, comments actual writers. Полный континуум, другие нормативные ветви и остальные взаимодействия Config этим срезом не закрываются",
"rngStabilityDurationLoads.Slot4.My, tf*m","rngStabilityDurationLoads.Slot4.My","rngStabilityDurationLoads","Config!S41","UserInput","Optional signed numeric load","User load units / ID / path / profile / comment","N*mm","PendingCatalogMapping","Новая таблица содержит 0; пустое числовое поле или отсутствующий ID означают 0. Непрочитанная таблица и ошибочный ввод не подменяются нулями","Назначенный LC с Calculation.Stability.Enabled=Yes и совпадающим Combination ID; для повторного ID используется первая строка","modWorkbookCalculation workbook-reader -> CUnitSystem -> CBatchSectionCalculator -> CStabilityCalculator/CStabilityResult -> canonical meta/summary writers; другие проверки продолжаются, writer не решает State","Реальные внутренние My длительной части, коэффициент PhiL2 существующей ветви SP63, фактические численные ячейки и ResultComment соответствующих writers","modTestProfileConfig.RunAudit03DurationConfigTests","docs/regression/Audit03/duration_v178_2026-10-03.txt; docs/regression/Audit03/full_off_duration_v179_2026-10-03.txt; docs/regression/Audit03/full_on_duration_v179_2026-10-03.txt","ActiveBehaviorAccepted:FullRangeReviewNotComplete","Положительное, отрицательное или нулевое число, которое читается и переводится в выбранные INPUT-единицы без переполнения; произвольный нормативный предел не добавлен","390 числовых вариантов всех 90 полей, 24 комбинации INPUT units/signs, независимые внутренние компоненты и PhiL, comments actual writers. Полный континуум, другие нормативные ветви и остальные взаимодействия Config этим срезом не закрываются",
"rngStabilityDurationLoads.Slot5.LC",,"rngStabilityDurationLoads","Config!P42","DerivedFormula","Formula","User load units / ID / path / profile / comment","PendingPerFieldReview","PendingCatalogMapping","PendingCallSiteReview","Requested source LC slot; gaps and IDs preserved","modWorkbookCalculation.LoadStabilityDurationLoadsFromWorkbook -> CBatchSectionCalculator -> CStabilityCalculator","PendingDirectedBehaviorTest","NotRun","NotRun","Inventoried:BehaviorNotAccepted",,,
"rngStabilityDurationLoads.Slot5.N, tf","rngStabilityDurationLoads.Slot5.N","rngStabilityDurationLoads","Config!Q42","UserInput","Optional signed numeric load","User load units / ID / path / profile / comment","N","PendingCatalogMapping","Новая таблица содержит 0; пустое числовое поле или отсутствующий ID означают 0. Непрочитанная таблица и ошибочный ввод не подменяются нулями","Назначенный LC с Calculation.Stability.Enabled=Yes и совпадающим Combination ID; для повторного ID используется первая строка","modWorkbookCalculation workbook-reader -> CUnitSystem -> CBatchSectionCalculator -> CStabilityCalculator/CStabilityResult -> canonical meta/summary writers; другие проверки продолжаются, writer не решает State","Реальные внутренние N длительной части, коэффициент PhiL1 существующей ветви SP63, фактические численные ячейки и ResultComment соответствующих writers","modTestProfileConfig.RunAudit03DurationConfigTests","docs/regression/Audit03/duration_v178_2026-10-03.txt; docs/regression/Audit03/full_off_duration_v179_2026-10-03.txt; docs/regression/Audit03/full_on_duration_v179_2026-10-03.txt","ActiveBehaviorAccepted:FullRangeReviewNotComplete","Положительное, отрицательное или нулевое число, которое читается и переводится в выбранные INPUT-единицы без переполнения; произвольный нормативный предел не добавлен","390 числовых вариантов всех 90 полей, 24 комбинации INPUT units/signs, независимые внутренние компоненты и PhiL, comments actual writers. Полный континуум, другие нормативные ветви и остальные взаимодействия Config этим срезом не закрываются",
"rngStabilityDurationLoads.Slot5.Mx, tf*m","rngStabilityDurationLoads.Slot5.Mx","rngStabilityDurationLoads","Config!R42","UserInput","Optional signed numeric load","User load units / ID / path / profile / comment","N*mm","PendingCatalogMapping","Новая таблица содержит 0; пустое числовое поле или отсутствующий ID означают 0. Непрочитанная таблица и ошибочный ввод не подменяются нулями","Назначенный LC с Calculation.Stability.Enabled=Yes и совпадающим Combination ID; для повторного ID используется первая строка","modWorkbookCalculation workbook-reader -> CUnitSystem -> CBatchSectionCalculator -> CStabilityCalculator/CStabilityResult -> canonical meta/summary writers; другие проверки продолжаются, writer не решает State","Реальные внутренние Mx длительной части, коэффициент PhiL1 существующей ветви SP63, фактические численные ячейки и ResultComment соответствующих writers","modTestProfileConfig.RunAudit03DurationConfigTests","docs/regression/Audit03/duration_v178_2026-10-03.txt; docs/regression/Audit03/full_off_duration_v179_2026-10-03.txt; docs/regression/Audit03/full_on_duration_v179_2026-10-03.txt","ActiveBehaviorAccepted:FullRangeReviewNotComplete","Положительное, отрицательное или нулевое число, которое читается и переводится в выбранные INPUT-единицы без переполнения; произвольный нормативный предел не добавлен","390 числовых вариантов всех 90 полей, 24 комбинации INPUT units/signs, независимые внутренние компоненты и PhiL, comments actual writers. Полный континуум, другие нормативные ветви и остальные взаимодействия Config этим срезом не закрываются",
"rngStabilityDurationLoads.Slot5.My, tf*m","rngStabilityDurationLoads.Slot5.My","rngStabilityDurationLoads","Config!S42","UserInput","Optional signed numeric load","User load units / ID / path / profile / comment","N*mm","PendingCatalogMapping","Новая таблица содержит 0; пустое числовое поле или отсутствующий ID означают 0. Непрочитанная таблица и ошибочный ввод не подменяются нулями","Назначенный LC с Calculation.Stability.Enabled=Yes и совпадающим Combination ID; для повторного ID используется первая строка","modWorkbookCalculation workbook-reader -> CUnitSystem -> CBatchSectionCalculator -> CStabilityCalculator/CStabilityResult -> canonical meta/summary writers; другие проверки продолжаются, writer не решает State","Реальные внутренние My длительной части, коэффициент PhiL2 существующей ветви SP63, фактические численные ячейки и ResultComment соответствующих writers","modTestProfileConfig.RunAudit03DurationConfigTests","docs/regression/Audit03/duration_v178_2026-10-03.txt; docs/regression/Audit03/full_off_duration_v179_2026-10-03.txt; docs/regression/Audit03/full_on_duration_v179_2026-10-03.txt","ActiveBehaviorAccepted:FullRangeReviewNotComplete","Положительное, отрицательное или нулевое число, которое читается и переводится в выбранные INPUT-единицы без переполнения; произвольный нормативный предел не добавлен","390 числовых вариантов всех 90 полей, 24 комбинации INPUT units/signs, независимые внутренние компоненты и PhiL, comments actual writers. Полный континуум, другие нормативные ветви и остальные взаимодействия Config этим срезом не закрываются",
"rngStabilityDurationLoads.Slot6.LC",,"rngStabilityDurationLoads","Config!P43","DerivedFormula","Formula","User load units / ID / path / profile / comment","PendingPerFieldReview","PendingCatalogMapping","PendingCallSiteReview","Requested source LC slot; gaps and IDs preserved","modWorkbookCalculation.LoadStabilityDurationLoadsFromWorkbook -> CBatchSectionCalculator -> CStabilityCalculator","PendingDirectedBehaviorTest","NotRun","NotRun","Inventoried:BehaviorNotAccepted",,,
"rngStabilityDurationLoads.Slot6.N, tf","rngStabilityDurationLoads.Slot6.N","rngStabilityDurationLoads","Config!Q43","UserInput","Optional signed numeric load","User load units / ID / path / profile / comment","N","PendingCatalogMapping","Новая таблица содержит 0; пустое числовое поле или отсутствующий ID означают 0. Непрочитанная таблица и ошибочный ввод не подменяются нулями","Назначенный LC с Calculation.Stability.Enabled=Yes и совпадающим Combination ID; для повторного ID используется первая строка","modWorkbookCalculation workbook-reader -> CUnitSystem -> CBatchSectionCalculator -> CStabilityCalculator/CStabilityResult -> canonical meta/summary writers; другие проверки продолжаются, writer не решает State","Реальные внутренние N длительной части, коэффициент PhiL1 существующей ветви SP63, фактические численные ячейки и ResultComment соответствующих writers","modTestProfileConfig.RunAudit03DurationConfigTests","docs/regression/Audit03/duration_v178_2026-10-03.txt; docs/regression/Audit03/full_off_duration_v179_2026-10-03.txt; docs/regression/Audit03/full_on_duration_v179_2026-10-03.txt","ActiveBehaviorAccepted:FullRangeReviewNotComplete","Положительное, отрицательное или нулевое число, которое читается и переводится в выбранные INPUT-единицы без переполнения; произвольный нормативный предел не добавлен","390 числовых вариантов всех 90 полей, 24 комбинации INPUT units/signs, независимые внутренние компоненты и PhiL, comments actual writers. Полный континуум, другие нормативные ветви и остальные взаимодействия Config этим срезом не закрываются",
"rngStabilityDurationLoads.Slot6.Mx, tf*m","rngStabilityDurationLoads.Slot6.Mx","rngStabilityDurationLoads","Config!R43","UserInput","Optional signed numeric load","User load units / ID / path / profile / comment","N*mm","PendingCatalogMapping","Новая таблица содержит 0; пустое числовое поле или отсутствующий ID означают 0. Непрочитанная таблица и ошибочный ввод не подменяются нулями","Назначенный LC с Calculation.Stability.Enabled=Yes и совпадающим Combination ID; для повторного ID используется первая строка","modWorkbookCalculation workbook-reader -> CUnitSystem -> CBatchSectionCalculator -> CStabilityCalculator/CStabilityResult -> canonical meta/summary writers; другие проверки продолжаются, writer не решает State","Реальные внутренние Mx длительной части, коэффициент PhiL1 существующей ветви SP63, фактические численные ячейки и ResultComment соответствующих writers","modTestProfileConfig.RunAudit03DurationConfigTests","docs/regression/Audit03/duration_v178_2026-10-03.txt; docs/regression/Audit03/full_off_duration_v179_2026-10-03.txt; docs/regression/Audit03/full_on_duration_v179_2026-10-03.txt","ActiveBehaviorAccepted:FullRangeReviewNotComplete","Положительное, отрицательное или нулевое число, которое читается и переводится в выбранные INPUT-единицы без переполнения; произвольный нормативный предел не добавлен","390 числовых вариантов всех 90 полей, 24 комбинации INPUT units/signs, независимые внутренние компоненты и PhiL, comments actual writers. Полный континуум, другие нормативные ветви и остальные взаимодействия Config этим срезом не закрываются",
"rngStabilityDurationLoads.Slot6.My, tf*m","rngStabilityDurationLoads.Slot6.My","rngStabilityDurationLoads","Config!S43","UserInput","Optional signed numeric load","User load units / ID / path / profile / comment","N*mm","PendingCatalogMapping","Новая таблица содержит 0; пустое числовое поле или отсутствующий ID означают 0. Непрочитанная таблица и ошибочный ввод не подменяются нулями","Назначенный LC с Calculation.Stability.Enabled=Yes и совпадающим Combination ID; для повторного ID используется первая строка","modWorkbookCalculation workbook-reader -> CUnitSystem -> CBatchSectionCalculator -> CStabilityCalculator/CStabilityResult -> canonical meta/summary writers; другие проверки продолжаются, writer не решает State","Реальные внутренние My длительной части, коэффициент PhiL2 существующей ветви SP63, фактические численные ячейки и ResultComment соответствующих writers","modTestProfileConfig.RunAudit03DurationConfigTests","docs/regression/Audit03/duration_v178_2026-10-03.txt; docs/regression/Audit03/full_off_duration_v179_2026-10-03.txt; docs/regression/Audit03/full_on_duration_v179_2026-10-03.txt","ActiveBehaviorAccepted:FullRangeReviewNotComplete","Положительное, отрицательное или нулевое число, которое читается и переводится в выбранные INPUT-единицы без переполнения; произвольный нормативный предел не добавлен","390 числовых вариантов всех 90 полей, 24 комбинации INPUT units/signs, независимые внутренние компоненты и PhiL, comments actual writers. Полный континуум, другие нормативные ветви и остальные взаимодействия Config этим срезом не закрываются",
"rngStabilityDurationLoads.Slot7.LC",,"rngStabilityDurationLoads","Config!P44","DerivedFormula","Formula","User load units / ID / path / profile / comment","PendingPerFieldReview","PendingCatalogMapping","PendingCallSiteReview","Requested source LC slot; gaps and IDs preserved","modWorkbookCalculation.LoadStabilityDurationLoadsFromWorkbook -> CBatchSectionCalculator -> CStabilityCalculator","PendingDirectedBehaviorTest","NotRun","NotRun","Inventoried:BehaviorNotAccepted",,,
"rngStabilityDurationLoads.Slot7.N, tf","rngStabilityDurationLoads.Slot7.N","rngStabilityDurationLoads","Config!Q44","UserInput","Optional signed numeric load","User load units / ID / path / profile / comment","N","PendingCatalogMapping","Новая таблица содержит 0; пустое числовое поле или отсутствующий ID означают 0. Непрочитанная таблица и ошибочный ввод не подменяются нулями","Назначенный LC с Calculation.Stability.Enabled=Yes и совпадающим Combination ID; для повторного ID используется первая строка","modWorkbookCalculation workbook-reader -> CUnitSystem -> CBatchSectionCalculator -> CStabilityCalculator/CStabilityResult -> canonical meta/summary writers; другие проверки продолжаются, writer не решает State","Реальные внутренние N длительной части, коэффициент PhiL1 существующей ветви SP63, фактические численные ячейки и ResultComment соответствующих writers","modTestProfileConfig.RunAudit03DurationConfigTests","docs/regression/Audit03/duration_v178_2026-10-03.txt; docs/regression/Audit03/full_off_duration_v179_2026-10-03.txt; docs/regression/Audit03/full_on_duration_v179_2026-10-03.txt","ActiveBehaviorAccepted:FullRangeReviewNotComplete","Положительное, отрицательное или нулевое число, которое читается и переводится в выбранные INPUT-единицы без переполнения; произвольный нормативный предел не добавлен","390 числовых вариантов всех 90 полей, 24 комбинации INPUT units/signs, независимые внутренние компоненты и PhiL, comments actual writers. Полный континуум, другие нормативные ветви и остальные взаимодействия Config этим срезом не закрываются",
"rngStabilityDurationLoads.Slot7.Mx, tf*m","rngStabilityDurationLoads.Slot7.Mx","rngStabilityDurationLoads","Config!R44","UserInput","Optional signed numeric load","User load units / ID / path / profile / comment","N*mm","PendingCatalogMapping","Новая таблица содержит 0; пустое числовое поле или отсутствующий ID означают 0. Непрочитанная таблица и ошибочный ввод не подменяются нулями","Назначенный LC с Calculation.Stability.Enabled=Yes и совпадающим Combination ID; для повторного ID используется первая строка","modWorkbookCalculation workbook-reader -> CUnitSystem -> CBatchSectionCalculator -> CStabilityCalculator/CStabilityResult -> canonical meta/summary writers; другие проверки продолжаются, writer не решает State","Реальные внутренние Mx длительной части, коэффициент PhiL1 существующей ветви SP63, фактические численные ячейки и ResultComment соответствующих writers","modTestProfileConfig.RunAudit03DurationConfigTests","docs/regression/Audit03/duration_v178_2026-10-03.txt; docs/regression/Audit03/full_off_duration_v179_2026-10-03.txt; docs/regression/Audit03/full_on_duration_v179_2026-10-03.txt","ActiveBehaviorAccepted:FullRangeReviewNotComplete","Положительное, отрицательное или нулевое число, которое читается и переводится в выбранные INPUT-единицы без переполнения; произвольный нормативный предел не добавлен","390 числовых вариантов всех 90 полей, 24 комбинации INPUT units/signs, независимые внутренние компоненты и PhiL, comments actual writers. Полный континуум, другие нормативные ветви и остальные взаимодействия Config этим срезом не закрываются",
"rngStabilityDurationLoads.Slot7.My, tf*m","rngStabilityDurationLoads.Slot7.My","rngStabilityDurationLoads","Config!S44","UserInput","Optional signed numeric load","User load units / ID / path / profile / comment","N*mm","PendingCatalogMapping","Новая таблица содержит 0; пустое числовое поле или отсутствующий ID означают 0. Непрочитанная таблица и ошибочный ввод не подменяются нулями","Назначенный LC с Calculation.Stability.Enabled=Yes и совпадающим Combination ID; для повторного ID используется первая строка","modWorkbookCalculation workbook-reader -> CUnitSystem -> CBatchSectionCalculator -> CStabilityCalculator/CStabilityResult -> canonical meta/summary writers; другие проверки продолжаются, writer не решает State","Реальные внутренние My длительной части, коэффициент PhiL2 существующей ветви SP63, фактические численные ячейки и ResultComment соответствующих writers","modTestProfileConfig.RunAudit03DurationConfigTests","docs/regression/Audit03/duration_v178_2026-10-03.txt; docs/regression/Audit03/full_off_duration_v179_2026-10-03.txt; docs/regression/Audit03/full_on_duration_v179_2026-10-03.txt","ActiveBehaviorAccepted:FullRangeReviewNotComplete","Положительное, отрицательное или нулевое число, которое читается и переводится в выбранные INPUT-единицы без переполнения; произвольный нормативный предел не добавлен","390 числовых вариантов всех 90 полей, 24 комбинации INPUT units/signs, независимые внутренние компоненты и PhiL, comments actual writers. Полный континуум, другие нормативные ветви и остальные взаимодействия Config этим срезом не закрываются",
"rngStabilityDurationLoads.Slot8.LC",,"rngStabilityDurationLoads","Config!P45","DerivedFormula","Formula","User load units / ID / path / profile / comment","PendingPerFieldReview","PendingCatalogMapping","PendingCallSiteReview","Requested source LC slot; gaps and IDs preserved","modWorkbookCalculation.LoadStabilityDurationLoadsFromWorkbook -> CBatchSectionCalculator -> CStabilityCalculator","PendingDirectedBehaviorTest","NotRun","NotRun","Inventoried:BehaviorNotAccepted",,,
"rngStabilityDurationLoads.Slot8.N, tf","rngStabilityDurationLoads.Slot8.N","rngStabilityDurationLoads","Config!Q45","UserInput","Optional signed numeric load","User load units / ID / path / profile / comment","N","PendingCatalogMapping","Новая таблица содержит 0; пустое числовое поле или отсутствующий ID означают 0. Непрочитанная таблица и ошибочный ввод не подменяются нулями","Назначенный LC с Calculation.Stability.Enabled=Yes и совпадающим Combination ID; для повторного ID используется первая строка","modWorkbookCalculation workbook-reader -> CUnitSystem -> CBatchSectionCalculator -> CStabilityCalculator/CStabilityResult -> canonical meta/summary writers; другие проверки продолжаются, writer не решает State","Реальные внутренние N длительной части, коэффициент PhiL1 существующей ветви SP63, фактические численные ячейки и ResultComment соответствующих writers","modTestProfileConfig.RunAudit03DurationConfigTests","docs/regression/Audit03/duration_v178_2026-10-03.txt; docs/regression/Audit03/full_off_duration_v179_2026-10-03.txt; docs/regression/Audit03/full_on_duration_v179_2026-10-03.txt","ActiveBehaviorAccepted:FullRangeReviewNotComplete","Положительное, отрицательное или нулевое число, которое читается и переводится в выбранные INPUT-единицы без переполнения; произвольный нормативный предел не добавлен","390 числовых вариантов всех 90 полей, 24 комбинации INPUT units/signs, независимые внутренние компоненты и PhiL, comments actual writers. Полный континуум, другие нормативные ветви и остальные взаимодействия Config этим срезом не закрываются",
"rngStabilityDurationLoads.Slot8.Mx, tf*m","rngStabilityDurationLoads.Slot8.Mx","rngStabilityDurationLoads","Config!R45","UserInput","Optional signed numeric load","User load units / ID / path / profile / comment","N*mm","PendingCatalogMapping","Новая таблица содержит 0; пустое числовое поле или отсутствующий ID означают 0. Непрочитанная таблица и ошибочный ввод не подменяются нулями","Назначенный LC с Calculation.Stability.Enabled=Yes и совпадающим Combination ID; для повторного ID используется первая строка","modWorkbookCalculation workbook-reader -> CUnitSystem -> CBatchSectionCalculator -> CStabilityCalculator/CStabilityResult -> canonical meta/summary writers; другие проверки продолжаются, writer не решает State","Реальные внутренние Mx длительной части, коэффициент PhiL1 существующей ветви SP63, фактические численные ячейки и ResultComment соответствующих writers","modTestProfileConfig.RunAudit03DurationConfigTests","docs/regression/Audit03/duration_v178_2026-10-03.txt; docs/regression/Audit03/full_off_duration_v179_2026-10-03.txt; docs/regression/Audit03/full_on_duration_v179_2026-10-03.txt","ActiveBehaviorAccepted:FullRangeReviewNotComplete","Положительное, отрицательное или нулевое число, которое читается и переводится в выбранные INPUT-единицы без переполнения; произвольный нормативный предел не добавлен","390 числовых вариантов всех 90 полей, 24 комбинации INPUT units/signs, независимые внутренние компоненты и PhiL, comments actual writers. Полный континуум, другие нормативные ветви и остальные взаимодействия Config этим срезом не закрываются",
"rngStabilityDurationLoads.Slot8.My, tf*m","rngStabilityDurationLoads.Slot8.My","rngStabilityDurationLoads","Config!S45","UserInput","Optional signed numeric load","User load units / ID / path / profile / comment","N*mm","PendingCatalogMapping","Новая таблица содержит 0; пустое числовое поле или отсутствующий ID означают 0. Непрочитанная таблица и ошибочный ввод не подменяются нулями","Назначенный LC с Calculation.Stability.Enabled=Yes и совпадающим Combination ID; для повторного ID используется первая строка","modWorkbookCalculation workbook-reader -> CUnitSystem -> CBatchSectionCalculator -> CStabilityCalculator/CStabilityResult -> canonical meta/summary writers; другие проверки продолжаются, writer не решает State","Реальные внутренние My длительной части, коэффициент PhiL2 существующей ветви SP63, фактические численные ячейки и ResultComment соответствующих writers","modTestProfileConfig.RunAudit03DurationConfigTests","docs/regression/Audit03/duration_v178_2026-10-03.txt; docs/regression/Audit03/full_off_duration_v179_2026-10-03.txt; docs/regression/Audit03/full_on_duration_v179_2026-10-03.txt","ActiveBehaviorAccepted:FullRangeReviewNotComplete","Положительное, отрицательное или нулевое число, которое читается и переводится в выбранные INPUT-единицы без переполнения; произвольный нормативный предел не добавлен","390 числовых вариантов всех 90 полей, 24 комбинации INPUT units/signs, независимые внутренние компоненты и PhiL, comments actual writers. Полный континуум, другие нормативные ветви и остальные взаимодействия Config этим срезом не закрываются",
"rngStabilityDurationLoads.Slot9.LC",,"rngStabilityDurationLoads","Config!P46","DerivedFormula","Formula","User load units / ID / path / profile / comment","PendingPerFieldReview","PendingCatalogMapping","PendingCallSiteReview","Requested source LC slot; gaps and IDs preserved","modWorkbookCalculation.LoadStabilityDurationLoadsFromWorkbook -> CBatchSectionCalculator -> CStabilityCalculator","PendingDirectedBehaviorTest","NotRun","NotRun","Inventoried:BehaviorNotAccepted",,,
"rngStabilityDurationLoads.Slot9.N, tf","rngStabilityDurationLoads.Slot9.N","rngStabilityDurationLoads","Config!Q46","UserInput","Optional signed numeric load","User load units / ID / path / profile / comment","N","PendingCatalogMapping","Новая таблица содержит 0; пустое числовое поле или отсутствующий ID означают 0. Непрочитанная таблица и ошибочный ввод не подменяются нулями","Назначенный LC с Calculation.Stability.Enabled=Yes и совпадающим Combination ID; для повторного ID используется первая строка","modWorkbookCalculation workbook-reader -> CUnitSystem -> CBatchSectionCalculator -> CStabilityCalculator/CStabilityResult -> canonical meta/summary writers; другие проверки продолжаются, writer не решает State","Реальные внутренние N длительной части, коэффициент PhiL1 существующей ветви SP63, фактические численные ячейки и ResultComment соответствующих writers","modTestProfileConfig.RunAudit03DurationConfigTests","docs/regression/Audit03/duration_v178_2026-10-03.txt; docs/regression/Audit03/full_off_duration_v179_2026-10-03.txt; docs/regression/Audit03/full_on_duration_v179_2026-10-03.txt","ActiveBehaviorAccepted:FullRangeReviewNotComplete","Положительное, отрицательное или нулевое число, которое читается и переводится в выбранные INPUT-единицы без переполнения; произвольный нормативный предел не добавлен","390 числовых вариантов всех 90 полей, 24 комбинации INPUT units/signs, независимые внутренние компоненты и PhiL, comments actual writers. Полный континуум, другие нормативные ветви и остальные взаимодействия Config этим срезом не закрываются",
"rngStabilityDurationLoads.Slot9.Mx, tf*m","rngStabilityDurationLoads.Slot9.Mx","rngStabilityDurationLoads","Config!R46","UserInput","Optional signed numeric load","User load units / ID / path / profile / comment","N*mm","PendingCatalogMapping","Новая таблица содержит 0; пустое числовое поле или отсутствующий ID означают 0. Непрочитанная таблица и ошибочный ввод не подменяются нулями","Назначенный LC с Calculation.Stability.Enabled=Yes и совпадающим Combination ID; для повторного ID используется первая строка","modWorkbookCalculation workbook-reader -> CUnitSystem -> CBatchSectionCalculator -> CStabilityCalculator/CStabilityResult -> canonical meta/summary writers; другие проверки продолжаются, writer не решает State","Реальные внутренние Mx длительной части, коэффициент PhiL1 существующей ветви SP63, фактические численные ячейки и ResultComment соответствующих writers","modTestProfileConfig.RunAudit03DurationConfigTests","docs/regression/Audit03/duration_v178_2026-10-03.txt; docs/regression/Audit03/full_off_duration_v179_2026-10-03.txt; docs/regression/Audit03/full_on_duration_v179_2026-10-03.txt","ActiveBehaviorAccepted:FullRangeReviewNotComplete","Положительное, отрицательное или нулевое число, которое читается и переводится в выбранные INPUT-единицы без переполнения; произвольный нормативный предел не добавлен","390 числовых вариантов всех 90 полей, 24 комбинации INPUT units/signs, независимые внутренние компоненты и PhiL, comments actual writers. Полный континуум, другие нормативные ветви и остальные взаимодействия Config этим срезом не закрываются",
"rngStabilityDurationLoads.Slot9.My, tf*m","rngStabilityDurationLoads.Slot9.My","rngStabilityDurationLoads","Config!S46","UserInput","Optional signed numeric load","User load units / ID / path / profile / comment","N*mm","PendingCatalogMapping","Новая таблица содержит 0; пустое числовое поле или отсутствующий ID означают 0. Непрочитанная таблица и ошибочный ввод не подменяются нулями","Назначенный LC с Calculation.Stability.Enabled=Yes и совпадающим Combination ID; для повторного ID используется первая строка","modWorkbookCalculation workbook-reader -> CUnitSystem -> CBatchSectionCalculator -> CStabilityCalculator/CStabilityResult -> canonical meta/summary writers; другие проверки продолжаются, writer не решает State","Реальные внутренние My длительной части, коэффициент PhiL2 существующей ветви SP63, фактические численные ячейки и ResultComment соответствующих writers","modTestProfileConfig.RunAudit03DurationConfigTests","docs/regression/Audit03/duration_v178_2026-10-03.txt; docs/regression/Audit03/full_off_duration_v179_2026-10-03.txt; docs/regression/Audit03/full_on_duration_v179_2026-10-03.txt","ActiveBehaviorAccepted:FullRangeReviewNotComplete","Положительное, отрицательное или нулевое число, которое читается и переводится в выбранные INPUT-единицы без переполнения; произвольный нормативный предел не добавлен","390 числовых вариантов всех 90 полей, 24 комбинации INPUT units/signs, независимые внутренние компоненты и PhiL, comments actual writers. Полный континуум, другие нормативные ветви и остальные взаимодействия Config этим срезом не закрываются",
"rngStabilityDurationLoads.Slot10.LC",,"rngStabilityDurationLoads","Config!P47","DerivedFormula","Formula","User load units / ID / path / profile / comment","PendingPerFieldReview","PendingCatalogMapping","PendingCallSiteReview","Requested source LC slot; gaps and IDs preserved","modWorkbookCalculation.LoadStabilityDurationLoadsFromWorkbook -> CBatchSectionCalculator -> CStabilityCalculator","PendingDirectedBehaviorTest","NotRun","NotRun","Inventoried:BehaviorNotAccepted",,,
"rngStabilityDurationLoads.Slot10.N, tf","rngStabilityDurationLoads.Slot10.N","rngStabilityDurationLoads","Config!Q47","UserInput","Optional signed numeric load","User load units / ID / path / profile / comment","N","PendingCatalogMapping","Новая таблица содержит 0; пустое числовое поле или отсутствующий ID означают 0. Непрочитанная таблица и ошибочный ввод не подменяются нулями","Назначенный LC с Calculation.Stability.Enabled=Yes и совпадающим Combination ID; для повторного ID используется первая строка","modWorkbookCalculation workbook-reader -> CUnitSystem -> CBatchSectionCalculator -> CStabilityCalculator/CStabilityResult -> canonical meta/summary writers; другие проверки продолжаются, writer не решает State","Реальные внутренние N длительной части, коэффициент PhiL1 существующей ветви SP63, фактические численные ячейки и ResultComment соответствующих writers","modTestProfileConfig.RunAudit03DurationConfigTests","docs/regression/Audit03/duration_v178_2026-10-03.txt; docs/regression/Audit03/full_off_duration_v179_2026-10-03.txt; docs/regression/Audit03/full_on_duration_v179_2026-10-03.txt","ActiveBehaviorAccepted:FullRangeReviewNotComplete","Положительное, отрицательное или нулевое число, которое читается и переводится в выбранные INPUT-единицы без переполнения; произвольный нормативный предел не добавлен","390 числовых вариантов всех 90 полей, 24 комбинации INPUT units/signs, независимые внутренние компоненты и PhiL, comments actual writers. Полный континуум, другие нормативные ветви и остальные взаимодействия Config этим срезом не закрываются",
"rngStabilityDurationLoads.Slot10.Mx, tf*m","rngStabilityDurationLoads.Slot10.Mx","rngStabilityDurationLoads","Config!R47","UserInput","Optional signed numeric load","User load units / ID / path / profile / comment","N*mm","PendingCatalogMapping","Новая таблица содержит 0; пустое числовое поле или отсутствующий ID означают 0. Непрочитанная таблица и ошибочный ввод не подменяются нулями","Назначенный LC с Calculation.Stability.Enabled=Yes и совпадающим Combination ID; для повторного ID используется первая строка","modWorkbookCalculation workbook-reader -> CUnitSystem -> CBatchSectionCalculator -> CStabilityCalculator/CStabilityResult -> canonical meta/summary writers; другие проверки продолжаются, writer не решает State","Реальные внутренние Mx длительной части, коэффициент PhiL1 существующей ветви SP63, фактические численные ячейки и ResultComment соответствующих writers","modTestProfileConfig.RunAudit03DurationConfigTests","docs/regression/Audit03/duration_v178_2026-10-03.txt; docs/regression/Audit03/full_off_duration_v179_2026-10-03.txt; docs/regression/Audit03/full_on_duration_v179_2026-10-03.txt","ActiveBehaviorAccepted:FullRangeReviewNotComplete","Положительное, отрицательное или нулевое число, которое читается и переводится в выбранные INPUT-единицы без переполнения; произвольный нормативный предел не добавлен","390 числовых вариантов всех 90 полей, 24 комбинации INPUT units/signs, независимые внутренние компоненты и PhiL, comments actual writers. Полный континуум, другие нормативные ветви и остальные взаимодействия Config этим срезом не закрываются",
"rngStabilityDurationLoads.Slot10.My, tf*m","rngStabilityDurationLoads.Slot10.My","rngStabilityDurationLoads","Config!S47","UserInput","Optional signed numeric load","User load units / ID / path / profile / comment","N*mm","PendingCatalogMapping","Новая таблица содержит 0; пустое числовое поле или отсутствующий ID означают 0. Непрочитанная таблица и ошибочный ввод не подменяются нулями","Назначенный LC с Calculation.Stability.Enabled=Yes и совпадающим Combination ID; для повторного ID используется первая строка","modWorkbookCalculation workbook-reader -> CUnitSystem -> CBatchSectionCalculator -> CStabilityCalculator/CStabilityResult -> canonical meta/summary writers; другие проверки продолжаются, writer не решает State","Реальные внутренние My длительной части, коэффициент PhiL2 существующей ветви SP63, фактические численные ячейки и ResultComment соответствующих writers","modTestProfileConfig.RunAudit03DurationConfigTests","docs/regression/Audit03/duration_v178_2026-10-03.txt; docs/regression/Audit03/full_off_duration_v179_2026-10-03.txt; docs/regression/Audit03/full_on_duration_v179_2026-10-03.txt","ActiveBehaviorAccepted:FullRangeReviewNotComplete","Положительное, отрицательное или нулевое число, которое читается и переводится в выбранные INPUT-единицы без переполнения; произвольный нормативный предел не добавлен","390 числовых вариантов всех 90 полей, 24 комбинации INPUT units/signs, независимые внутренние компоненты и PhiL, comments actual writers. Полный континуум, другие нормативные ветви и остальные взаимодействия Config этим срезом не закрываются",
"rngStabilityDurationLoads.Slot11.LC",,"rngStabilityDurationLoads","Config!P48","DerivedFormula","Formula","User load units / ID / path / profile / comment","PendingPerFieldReview","PendingCatalogMapping","PendingCallSiteReview","Requested source LC slot; gaps and IDs preserved","modWorkbookCalculation.LoadStabilityDurationLoadsFromWorkbook -> CBatchSectionCalculator -> CStabilityCalculator","PendingDirectedBehaviorTest","NotRun","NotRun","Inventoried:BehaviorNotAccepted",,,
"rngStabilityDurationLoads.Slot11.N, tf","rngStabilityDurationLoads.Slot11.N","rngStabilityDurationLoads","Config!Q48","UserInput","Optional signed numeric load","User load units / ID / path / profile / comment","N","PendingCatalogMapping","Новая таблица содержит 0; пустое числовое поле или отсутствующий ID означают 0. Непрочитанная таблица и ошибочный ввод не подменяются нулями","Назначенный LC с Calculation.Stability.Enabled=Yes и совпадающим Combination ID; для повторного ID используется первая строка","modWorkbookCalculation workbook-reader -> CUnitSystem -> CBatchSectionCalculator -> CStabilityCalculator/CStabilityResult -> canonical meta/summary writers; другие проверки продолжаются, writer не решает State","Реальные внутренние N длительной части, коэффициент PhiL1 существующей ветви SP63, фактические численные ячейки и ResultComment соответствующих writers","modTestProfileConfig.RunAudit03DurationConfigTests","docs/regression/Audit03/duration_v178_2026-10-03.txt; docs/regression/Audit03/full_off_duration_v179_2026-10-03.txt; docs/regression/Audit03/full_on_duration_v179_2026-10-03.txt","ActiveBehaviorAccepted:FullRangeReviewNotComplete","Положительное, отрицательное или нулевое число, которое читается и переводится в выбранные INPUT-единицы без переполнения; произвольный нормативный предел не добавлен","390 числовых вариантов всех 90 полей, 24 комбинации INPUT units/signs, независимые внутренние компоненты и PhiL, comments actual writers. Полный континуум, другие нормативные ветви и остальные взаимодействия Config этим срезом не закрываются",
"rngStabilityDurationLoads.Slot11.Mx, tf*m","rngStabilityDurationLoads.Slot11.Mx","rngStabilityDurationLoads","Config!R48","UserInput","Optional signed numeric load","User load units / ID / path / profile / comment","N*mm","PendingCatalogMapping","Новая таблица содержит 0; пустое числовое поле или отсутствующий ID означают 0. Непрочитанная таблица и ошибочный ввод не подменяются нулями","Назначенный LC с Calculation.Stability.Enabled=Yes и совпадающим Combination ID; для повторного ID используется первая строка","modWorkbookCalculation workbook-reader -> CUnitSystem -> CBatchSectionCalculator -> CStabilityCalculator/CStabilityResult -> canonical meta/summary writers; другие проверки продолжаются, writer не решает State","Реальные внутренние Mx длительной части, коэффициент PhiL1 существующей ветви SP63, фактические численные ячейки и ResultComment соответствующих writers","modTestProfileConfig.RunAudit03DurationConfigTests","docs/regression/Audit03/duration_v178_2026-10-03.txt; docs/regression/Audit03/full_off_duration_v179_2026-10-03.txt; docs/regression/Audit03/full_on_duration_v179_2026-10-03.txt","ActiveBehaviorAccepted:FullRangeReviewNotComplete","Положительное, отрицательное или нулевое число, которое читается и переводится в выбранные INPUT-единицы без переполнения; произвольный нормативный предел не добавлен","390 числовых вариантов всех 90 полей, 24 комбинации INPUT units/signs, независимые внутренние компоненты и PhiL, comments actual writers. Полный континуум, другие нормативные ветви и остальные взаимодействия Config этим срезом не закрываются",
"rngStabilityDurationLoads.Slot11.My, tf*m","rngStabilityDurationLoads.Slot11.My","rngStabilityDurationLoads","Config!S48","UserInput","Optional signed numeric load","User load units / ID / path / profile / comment","N*mm","PendingCatalogMapping","Новая таблица содержит 0; пустое числовое поле или отсутствующий ID означают 0. Непрочитанная таблица и ошибочный ввод не подменяются нулями","Назначенный LC с Calculation.Stability.Enabled=Yes и совпадающим Combination ID; для повторного ID используется первая строка","modWorkbookCalculation workbook-reader -> CUnitSystem -> CBatchSectionCalculator -> CStabilityCalculator/CStabilityResult -> canonical meta/summary writers; другие проверки продолжаются, writer не решает State","Реальные внутренние My длительной части, коэффициент PhiL2 существующей ветви SP63, фактические численные ячейки и ResultComment соответствующих writers","modTestProfileConfig.RunAudit03DurationConfigTests","docs/regression/Audit03/duration_v178_2026-10-03.txt; docs/regression/Audit03/full_off_duration_v179_2026-10-03.txt; docs/regression/Audit03/full_on_duration_v179_2026-10-03.txt","ActiveBehaviorAccepted:FullRangeReviewNotComplete","Положительное, отрицательное или нулевое число, которое читается и переводится в выбранные INPUT-единицы без переполнения; произвольный нормативный предел не добавлен","390 числовых вариантов всех 90 полей, 24 комбинации INPUT units/signs, независимые внутренние компоненты и PhiL, comments actual writers. Полный континуум, другие нормативные ветви и остальные взаимодействия Config этим срезом не закрываются",
"rngStabilityDurationLoads.Slot12.LC",,"rngStabilityDurationLoads","Config!P49","DerivedFormula","Formula","User load units / ID / path / profile / comment","PendingPerFieldReview","PendingCatalogMapping","PendingCallSiteReview","Requested source LC slot; gaps and IDs preserved","modWorkbookCalculation.LoadStabilityDurationLoadsFromWorkbook -> CBatchSectionCalculator -> CStabilityCalculator","PendingDirectedBehaviorTest","NotRun","NotRun","Inventoried:BehaviorNotAccepted",,,
"rngStabilityDurationLoads.Slot12.N, tf","rngStabilityDurationLoads.Slot12.N","rngStabilityDurationLoads","Config!Q49","UserInput","Optional signed numeric load","User load units / ID / path / profile / comment","N","PendingCatalogMapping","Новая таблица содержит 0; пустое числовое поле или отсутствующий ID означают 0. Непрочитанная таблица и ошибочный ввод не подменяются нулями","Назначенный LC с Calculation.Stability.Enabled=Yes и совпадающим Combination ID; для повторного ID используется первая строка","modWorkbookCalculation workbook-reader -> CUnitSystem -> CBatchSectionCalculator -> CStabilityCalculator/CStabilityResult -> canonical meta/summary writers; другие проверки продолжаются, writer не решает State","Реальные внутренние N длительной части, коэффициент PhiL1 существующей ветви SP63, фактические численные ячейки и ResultComment соответствующих writers","modTestProfileConfig.RunAudit03DurationConfigTests","docs/regression/Audit03/duration_v178_2026-10-03.txt; docs/regression/Audit03/full_off_duration_v179_2026-10-03.txt; docs/regression/Audit03/full_on_duration_v179_2026-10-03.txt","ActiveBehaviorAccepted:FullRangeReviewNotComplete","Положительное, отрицательное или нулевое число, которое читается и переводится в выбранные INPUT-единицы без переполнения; произвольный нормативный предел не добавлен","390 числовых вариантов всех 90 полей, 24 комбинации INPUT units/signs, независимые внутренние компоненты и PhiL, comments actual writers. Полный континуум, другие нормативные ветви и остальные взаимодействия Config этим срезом не закрываются",
"rngStabilityDurationLoads.Slot12.Mx, tf*m","rngStabilityDurationLoads.Slot12.Mx","rngStabilityDurationLoads","Config!R49","UserInput","Optional signed numeric load","User load units / ID / path / profile / comment","N*mm","PendingCatalogMapping","Новая таблица содержит 0; пустое числовое поле или отсутствующий ID означают 0. Непрочитанная таблица и ошибочный ввод не подменяются нулями","Назначенный LC с Calculation.Stability.Enabled=Yes и совпадающим Combination ID; для повторного ID используется первая строка","modWorkbookCalculation workbook-reader -> CUnitSystem -> CBatchSectionCalculator -> CStabilityCalculator/CStabilityResult -> canonical meta/summary writers; другие проверки продолжаются, writer не решает State","Реальные внутренние Mx длительной части, коэффициент PhiL1 существующей ветви SP63, фактические численные ячейки и ResultComment соответствующих writers","modTestProfileConfig.RunAudit03DurationConfigTests","docs/regression/Audit03/duration_v178_2026-10-03.txt; docs/regression/Audit03/full_off_duration_v179_2026-10-03.txt; docs/regression/Audit03/full_on_duration_v179_2026-10-03.txt","ActiveBehaviorAccepted:FullRangeReviewNotComplete","Положительное, отрицательное или нулевое число, которое читается и переводится в выбранные INPUT-единицы без переполнения; произвольный нормативный предел не добавлен","390 числовых вариантов всех 90 полей, 24 комбинации INPUT units/signs, независимые внутренние компоненты и PhiL, comments actual writers. Полный континуум, другие нормативные ветви и остальные взаимодействия Config этим срезом не закрываются",
"rngStabilityDurationLoads.Slot12.My, tf*m","rngStabilityDurationLoads.Slot12.My","rngStabilityDurationLoads","Config!S49","UserInput","Optional signed numeric load","User load units / ID / path / profile / comment","N*mm","PendingCatalogMapping","Новая таблица содержит 0; пустое числовое поле или отсутствующий ID означают 0. Непрочитанная таблица и ошибочный ввод не подменяются нулями","Назначенный LC с Calculation.Stability.Enabled=Yes и совпадающим Combination ID; для повторного ID используется первая строка","modWorkbookCalculation workbook-reader -> CUnitSystem -> CBatchSectionCalculator -> CStabilityCalculator/CStabilityResult -> canonical meta/summary writers; другие проверки продолжаются, writer не решает State","Реальные внутренние My длительной части, коэффициент PhiL2 существующей ветви SP63, фактические численные ячейки и ResultComment соответствующих writers","modTestProfileConfig.RunAudit03DurationConfigTests","docs/regression/Audit03/duration_v178_2026-10-03.txt; docs/regression/Audit03/full_off_duration_v179_2026-10-03.txt; docs/regression/Audit03/full_on_duration_v179_2026-10-03.txt","ActiveBehaviorAccepted:FullRangeReviewNotComplete","Положительное, отрицательное или нулевое число, которое читается и переводится в выбранные INPUT-единицы без переполнения; произвольный нормативный предел не добавлен","390 числовых вариантов всех 90 полей, 24 комбинации INPUT units/signs, независимые внутренние компоненты и PhiL, comments actual writers. Полный континуум, другие нормативные ветви и остальные взаимодействия Config этим срезом не закрываются",
"rngStabilityDurationLoads.Slot13.LC",,"rngStabilityDurationLoads","Config!P50","DerivedFormula","Formula","User load units / ID / path / profile / comment","PendingPerFieldReview","PendingCatalogMapping","PendingCallSiteReview","Requested source LC slot; gaps and IDs preserved","modWorkbookCalculation.LoadStabilityDurationLoadsFromWorkbook -> CBatchSectionCalculator -> CStabilityCalculator","PendingDirectedBehaviorTest","NotRun","NotRun","Inventoried:BehaviorNotAccepted",,,
"rngStabilityDurationLoads.Slot13.N, tf","rngStabilityDurationLoads.Slot13.N","rngStabilityDurationLoads","Config!Q50","UserInput","Optional signed numeric load","User load units / ID / path / profile / comment","N","PendingCatalogMapping","Новая таблица содержит 0; пустое числовое поле или отсутствующий ID означают 0. Непрочитанная таблица и ошибочный ввод не подменяются нулями","Назначенный LC с Calculation.Stability.Enabled=Yes и совпадающим Combination ID; для повторного ID используется первая строка","modWorkbookCalculation workbook-reader -> CUnitSystem -> CBatchSectionCalculator -> CStabilityCalculator/CStabilityResult -> canonical meta/summary writers; другие проверки продолжаются, writer не решает State","Реальные внутренние N длительной части, коэффициент PhiL1 существующей ветви SP63, фактические численные ячейки и ResultComment соответствующих writers","modTestProfileConfig.RunAudit03DurationConfigTests","docs/regression/Audit03/duration_v178_2026-10-03.txt; docs/regression/Audit03/full_off_duration_v179_2026-10-03.txt; docs/regression/Audit03/full_on_duration_v179_2026-10-03.txt","ActiveBehaviorAccepted:FullRangeReviewNotComplete","Положительное, отрицательное или нулевое число, которое читается и переводится в выбранные INPUT-единицы без переполнения; произвольный нормативный предел не добавлен","390 числовых вариантов всех 90 полей, 24 комбинации INPUT units/signs, независимые внутренние компоненты и PhiL, comments actual writers. Полный континуум, другие нормативные ветви и остальные взаимодействия Config этим срезом не закрываются",
"rngStabilityDurationLoads.Slot13.Mx, tf*m","rngStabilityDurationLoads.Slot13.Mx","rngStabilityDurationLoads","Config!R50","UserInput","Optional signed numeric load","User load units / ID / path / profile / comment","N*mm","PendingCatalogMapping","Новая таблица содержит 0; пустое числовое поле или отсутствующий ID означают 0. Непрочитанная таблица и ошибочный ввод не подменяются нулями","Назначенный LC с Calculation.Stability.Enabled=Yes и совпадающим Combination ID; для повторного ID используется первая строка","modWorkbookCalculation workbook-reader -> CUnitSystem -> CBatchSectionCalculator -> CStabilityCalculator/CStabilityResult -> canonical meta/summary writers; другие проверки продолжаются, writer не решает State","Реальные внутренние Mx длительной части, коэффициент PhiL1 существующей ветви SP63, фактические численные ячейки и ResultComment соответствующих writers","modTestProfileConfig.RunAudit03DurationConfigTests","docs/regression/Audit03/duration_v178_2026-10-03.txt; docs/regression/Audit03/full_off_duration_v179_2026-10-03.txt; docs/regression/Audit03/full_on_duration_v179_2026-10-03.txt","ActiveBehaviorAccepted:FullRangeReviewNotComplete","Положительное, отрицательное или нулевое число, которое читается и переводится в выбранные INPUT-единицы без переполнения; произвольный нормативный предел не добавлен","390 числовых вариантов всех 90 полей, 24 комбинации INPUT units/signs, независимые внутренние компоненты и PhiL, comments actual writers. Полный континуум, другие нормативные ветви и остальные взаимодействия Config этим срезом не закрываются",
"rngStabilityDurationLoads.Slot13.My, tf*m","rngStabilityDurationLoads.Slot13.My","rngStabilityDurationLoads","Config!S50","UserInput","Optional signed numeric load","User load units / ID / path / profile / comment","N*mm","PendingCatalogMapping","Новая таблица содержит 0; пустое числовое поле или отсутствующий ID означают 0. Непрочитанная таблица и ошибочный ввод не подменяются нулями","Назначенный LC с Calculation.Stability.Enabled=Yes и совпадающим Combination ID; для повторного ID используется первая строка","modWorkbookCalculation workbook-reader -> CUnitSystem -> CBatchSectionCalculator -> CStabilityCalculator/CStabilityResult -> canonical meta/summary writers; другие проверки продолжаются, writer не решает State","Реальные внутренние My длительной части, коэффициент PhiL2 существующей ветви SP63, фактические численные ячейки и ResultComment соответствующих writers","modTestProfileConfig.RunAudit03DurationConfigTests","docs/regression/Audit03/duration_v178_2026-10-03.txt; docs/regression/Audit03/full_off_duration_v179_2026-10-03.txt; docs/regression/Audit03/full_on_duration_v179_2026-10-03.txt","ActiveBehaviorAccepted:FullRangeReviewNotComplete","Положительное, отрицательное или нулевое число, которое читается и переводится в выбранные INPUT-единицы без переполнения; произвольный нормативный предел не добавлен","390 числовых вариантов всех 90 полей, 24 комбинации INPUT units/signs, независимые внутренние компоненты и PhiL, comments actual writers. Полный континуум, другие нормативные ветви и остальные взаимодействия Config этим срезом не закрываются",
"rngStabilityDurationLoads.Slot14.LC",,"rngStabilityDurationLoads","Config!P51","DerivedFormula","Formula","User load units / ID / path / profile / comment","PendingPerFieldReview","PendingCatalogMapping","PendingCallSiteReview","Requested source LC slot; gaps and IDs preserved","modWorkbookCalculation.LoadStabilityDurationLoadsFromWorkbook -> CBatchSectionCalculator -> CStabilityCalculator","PendingDirectedBehaviorTest","NotRun","NotRun","Inventoried:BehaviorNotAccepted",,,
"rngStabilityDurationLoads.Slot14.N, tf","rngStabilityDurationLoads.Slot14.N","rngStabilityDurationLoads","Config!Q51","UserInput","Optional signed numeric load","User load units / ID / path / profile / comment","N","PendingCatalogMapping","Новая таблица содержит 0; пустое числовое поле или отсутствующий ID означают 0. Непрочитанная таблица и ошибочный ввод не подменяются нулями","Назначенный LC с Calculation.Stability.Enabled=Yes и совпадающим Combination ID; для повторного ID используется первая строка","modWorkbookCalculation workbook-reader -> CUnitSystem -> CBatchSectionCalculator -> CStabilityCalculator/CStabilityResult -> canonical meta/summary writers; другие проверки продолжаются, writer не решает State","Реальные внутренние N длительной части, коэффициент PhiL1 существующей ветви SP63, фактические численные ячейки и ResultComment соответствующих writers","modTestProfileConfig.RunAudit03DurationConfigTests","docs/regression/Audit03/duration_v178_2026-10-03.txt; docs/regression/Audit03/full_off_duration_v179_2026-10-03.txt; docs/regression/Audit03/full_on_duration_v179_2026-10-03.txt","ActiveBehaviorAccepted:FullRangeReviewNotComplete","Положительное, отрицательное или нулевое число, которое читается и переводится в выбранные INPUT-единицы без переполнения; произвольный нормативный предел не добавлен","390 числовых вариантов всех 90 полей, 24 комбинации INPUT units/signs, независимые внутренние компоненты и PhiL, comments actual writers. Полный континуум, другие нормативные ветви и остальные взаимодействия Config этим срезом не закрываются",
"rngStabilityDurationLoads.Slot14.Mx, tf*m","rngStabilityDurationLoads.Slot14.Mx","rngStabilityDurationLoads","Config!R51","UserInput","Optional signed numeric load","User load units / ID / path / profile / comment","N*mm","PendingCatalogMapping","Новая таблица содержит 0; пустое числовое поле или отсутствующий ID означают 0. Непрочитанная таблица и ошибочный ввод не подменяются нулями","Назначенный LC с Calculation.Stability.Enabled=Yes и совпадающим Combination ID; для повторного ID используется первая строка","modWorkbookCalculation workbook-reader -> CUnitSystem -> CBatchSectionCalculator -> CStabilityCalculator/CStabilityResult -> canonical meta/summary writers; другие проверки продолжаются, writer не решает State","Реальные внутренние Mx длительной части, коэффициент PhiL1 существующей ветви SP63, фактические численные ячейки и ResultComment соответствующих writers","modTestProfileConfig.RunAudit03DurationConfigTests","docs/regression/Audit03/duration_v178_2026-10-03.txt; docs/regression/Audit03/full_off_duration_v179_2026-10-03.txt; docs/regression/Audit03/full_on_duration_v179_2026-10-03.txt","ActiveBehaviorAccepted:FullRangeReviewNotComplete","Положительное, отрицательное или нулевое число, которое читается и переводится в выбранные INPUT-единицы без переполнения; произвольный нормативный предел не добавлен","390 числовых вариантов всех 90 полей, 24 комбинации INPUT units/signs, независимые внутренние компоненты и PhiL, comments actual writers. Полный континуум, другие нормативные ветви и остальные взаимодействия Config этим срезом не закрываются",
"rngStabilityDurationLoads.Slot14.My, tf*m","rngStabilityDurationLoads.Slot14.My","rngStabilityDurationLoads","Config!S51","UserInput","Optional signed numeric load","User load units / ID / path / profile / comment","N*mm","PendingCatalogMapping","Новая таблица содержит 0; пустое числовое поле или отсутствующий ID означают 0. Непрочитанная таблица и ошибочный ввод не подменяются нулями","Назначенный LC с Calculation.Stability.Enabled=Yes и совпадающим Combination ID; для повторного ID используется первая строка","modWorkbookCalculation workbook-reader -> CUnitSystem -> CBatchSectionCalculator -> CStabilityCalculator/CStabilityResult -> canonical meta/summary writers; другие проверки продолжаются, writer не решает State","Реальные внутренние My длительной части, коэффициент PhiL2 существующей ветви SP63, фактические численные ячейки и ResultComment соответствующих writers","modTestProfileConfig.RunAudit03DurationConfigTests","docs/regression/Audit03/duration_v178_2026-10-03.txt; docs/regression/Audit03/full_off_duration_v179_2026-10-03.txt; docs/regression/Audit03/full_on_duration_v179_2026-10-03.txt","ActiveBehaviorAccepted:FullRangeReviewNotComplete","Положительное, отрицательное или нулевое число, которое читается и переводится в выбранные INPUT-единицы без переполнения; произвольный нормативный предел не добавлен","390 числовых вариантов всех 90 полей, 24 комбинации INPUT units/signs, независимые внутренние компоненты и PhiL, comments actual writers. Полный континуум, другие нормативные ветви и остальные взаимодействия Config этим срезом не закрываются",
"rngStabilityDurationLoads.Slot15.LC",,"rngStabilityDurationLoads","Config!P52","DerivedFormula","Formula","User load units / ID / path / profile / comment","PendingPerFieldReview","PendingCatalogMapping","PendingCallSiteReview","Requested source LC slot; gaps and IDs preserved","modWorkbookCalculation.LoadStabilityDurationLoadsFromWorkbook -> CBatchSectionCalculator -> CStabilityCalculator","PendingDirectedBehaviorTest","NotRun","NotRun","Inventoried:BehaviorNotAccepted",,,
"rngStabilityDurationLoads.Slot15.N, tf","rngStabilityDurationLoads.Slot15.N","rngStabilityDurationLoads","Config!Q52","UserInput","Optional signed numeric load","User load units / ID / path / profile / comment","N","PendingCatalogMapping","Новая таблица содержит 0; пустое числовое поле или отсутствующий ID означают 0. Непрочитанная таблица и ошибочный ввод не подменяются нулями","Назначенный LC с Calculation.Stability.Enabled=Yes и совпадающим Combination ID; для повторного ID используется первая строка","modWorkbookCalculation workbook-reader -> CUnitSystem -> CBatchSectionCalculator -> CStabilityCalculator/CStabilityResult -> canonical meta/summary writers; другие проверки продолжаются, writer не решает State","Реальные внутренние N длительной части, коэффициент PhiL1 существующей ветви SP63, фактические численные ячейки и ResultComment соответствующих writers","modTestProfileConfig.RunAudit03DurationConfigTests","docs/regression/Audit03/duration_v178_2026-10-03.txt; docs/regression/Audit03/full_off_duration_v179_2026-10-03.txt; docs/regression/Audit03/full_on_duration_v179_2026-10-03.txt","ActiveBehaviorAccepted:FullRangeReviewNotComplete","Положительное, отрицательное или нулевое число, которое читается и переводится в выбранные INPUT-единицы без переполнения; произвольный нормативный предел не добавлен","390 числовых вариантов всех 90 полей, 24 комбинации INPUT units/signs, независимые внутренние компоненты и PhiL, comments actual writers. Полный континуум, другие нормативные ветви и остальные взаимодействия Config этим срезом не закрываются",
"rngStabilityDurationLoads.Slot15.Mx, tf*m","rngStabilityDurationLoads.Slot15.Mx","rngStabilityDurationLoads","Config!R52","UserInput","Optional signed numeric load","User load units / ID / path / profile / comment","N*mm","PendingCatalogMapping","Новая таблица содержит 0; пустое числовое поле или отсутствующий ID означают 0. Непрочитанная таблица и ошибочный ввод не подменяются нулями","Назначенный LC с Calculation.Stability.Enabled=Yes и совпадающим Combination ID; для повторного ID используется первая строка","modWorkbookCalculation workbook-reader -> CUnitSystem -> CBatchSectionCalculator -> CStabilityCalculator/CStabilityResult -> canonical meta/summary writers; другие проверки продолжаются, writer не решает State","Реальные внутренние Mx длительной части, коэффициент PhiL1 существующей ветви SP63, фактические численные ячейки и ResultComment соответствующих writers","modTestProfileConfig.RunAudit03DurationConfigTests","docs/regression/Audit03/duration_v178_2026-10-03.txt; docs/regression/Audit03/full_off_duration_v179_2026-10-03.txt; docs/regression/Audit03/full_on_duration_v179_2026-10-03.txt","ActiveBehaviorAccepted:FullRangeReviewNotComplete","Положительное, отрицательное или нулевое число, которое читается и переводится в выбранные INPUT-единицы без переполнения; произвольный нормативный предел не добавлен","390 числовых вариантов всех 90 полей, 24 комбинации INPUT units/signs, независимые внутренние компоненты и PhiL, comments actual writers. Полный континуум, другие нормативные ветви и остальные взаимодействия Config этим срезом не закрываются",
"rngStabilityDurationLoads.Slot15.My, tf*m","rngStabilityDurationLoads.Slot15.My","rngStabilityDurationLoads","Config!S52","UserInput","Optional signed numeric load","User load units / ID / path / profile / comment","N*mm","PendingCatalogMapping","Новая таблица содержит 0; пустое числовое поле или отсутствующий ID означают 0. Непрочитанная таблица и ошибочный ввод не подменяются нулями","Назначенный LC с Calculation.Stability.Enabled=Yes и совпадающим Combination ID; для повторного ID используется первая строка","modWorkbookCalculation workbook-reader -> CUnitSystem -> CBatchSectionCalculator -> CStabilityCalculator/CStabilityResult -> canonical meta/summary writers; другие проверки продолжаются, writer не решает State","Реальные внутренние My длительной части, коэффициент PhiL2 существующей ветви SP63, фактические численные ячейки и ResultComment соответствующих writers","modTestProfileConfig.RunAudit03DurationConfigTests","docs/regression/Audit03/duration_v178_2026-10-03.txt; docs/regression/Audit03/full_off_duration_v179_2026-10-03.txt; docs/regression/Audit03/full_on_duration_v179_2026-10-03.txt","ActiveBehaviorAccepted:FullRangeReviewNotComplete","Положительное, отрицательное или нулевое число, которое читается и переводится в выбранные INPUT-единицы без переполнения; произвольный нормативный предел не добавлен","390 числовых вариантов всех 90 полей, 24 комбинации INPUT units/signs, независимые внутренние компоненты и PhiL, comments actual writers. Полный континуум, другие нормативные ветви и остальные взаимодействия Config этим срезом не закрываются",
"rngStabilityDurationLoads.Slot16.LC",,"rngStabilityDurationLoads","Config!P53","DerivedFormula","Formula","User load units / ID / path / profile / comment","PendingPerFieldReview","PendingCatalogMapping","PendingCallSiteReview","Requested source LC slot; gaps and IDs preserved","modWorkbookCalculation.LoadStabilityDurationLoadsFromWorkbook -> CBatchSectionCalculator -> CStabilityCalculator","PendingDirectedBehaviorTest","NotRun","NotRun","Inventoried:BehaviorNotAccepted",,,
"rngStabilityDurationLoads.Slot16.N, tf","rngStabilityDurationLoads.Slot16.N","rngStabilityDurationLoads","Config!Q53","UserInput","Optional signed numeric load","User load units / ID / path / profile / comment","N","PendingCatalogMapping","Новая таблица содержит 0; пустое числовое поле или отсутствующий ID означают 0. Непрочитанная таблица и ошибочный ввод не подменяются нулями","Назначенный LC с Calculation.Stability.Enabled=Yes и совпадающим Combination ID; для повторного ID используется первая строка","modWorkbookCalculation workbook-reader -> CUnitSystem -> CBatchSectionCalculator -> CStabilityCalculator/CStabilityResult -> canonical meta/summary writers; другие проверки продолжаются, writer не решает State","Реальные внутренние N длительной части, коэффициент PhiL1 существующей ветви SP63, фактические численные ячейки и ResultComment соответствующих writers","modTestProfileConfig.RunAudit03DurationConfigTests","docs/regression/Audit03/duration_v178_2026-10-03.txt; docs/regression/Audit03/full_off_duration_v179_2026-10-03.txt; docs/regression/Audit03/full_on_duration_v179_2026-10-03.txt","ActiveBehaviorAccepted:FullRangeReviewNotComplete","Положительное, отрицательное или нулевое число, которое читается и переводится в выбранные INPUT-единицы без переполнения; произвольный нормативный предел не добавлен","390 числовых вариантов всех 90 полей, 24 комбинации INPUT units/signs, независимые внутренние компоненты и PhiL, comments actual writers. Полный континуум, другие нормативные ветви и остальные взаимодействия Config этим срезом не закрываются",
"rngStabilityDurationLoads.Slot16.Mx, tf*m","rngStabilityDurationLoads.Slot16.Mx","rngStabilityDurationLoads","Config!R53","UserInput","Optional signed numeric load","User load units / ID / path / profile / comment","N*mm","PendingCatalogMapping","Новая таблица содержит 0; пустое числовое поле или отсутствующий ID означают 0. Непрочитанная таблица и ошибочный ввод не подменяются нулями","Назначенный LC с Calculation.Stability.Enabled=Yes и совпадающим Combination ID; для повторного ID используется первая строка","modWorkbookCalculation workbook-reader -> CUnitSystem -> CBatchSectionCalculator -> CStabilityCalculator/CStabilityResult -> canonical meta/summary writers; другие проверки продолжаются, writer не решает State","Реальные внутренние Mx длительной части, коэффициент PhiL1 существующей ветви SP63, фактические численные ячейки и ResultComment соответствующих writers","modTestProfileConfig.RunAudit03DurationConfigTests","docs/regression/Audit03/duration_v178_2026-10-03.txt; docs/regression/Audit03/full_off_duration_v179_2026-10-03.txt; docs/regression/Audit03/full_on_duration_v179_2026-10-03.txt","ActiveBehaviorAccepted:FullRangeReviewNotComplete","Положительное, отрицательное или нулевое число, которое читается и переводится в выбранные INPUT-единицы без переполнения; произвольный нормативный предел не добавлен","390 числовых вариантов всех 90 полей, 24 комбинации INPUT units/signs, независимые внутренние компоненты и PhiL, comments actual writers. Полный континуум, другие нормативные ветви и остальные взаимодействия Config этим срезом не закрываются",
"rngStabilityDurationLoads.Slot16.My, tf*m","rngStabilityDurationLoads.Slot16.My","rngStabilityDurationLoads","Config!S53","UserInput","Optional signed numeric load","User load units / ID / path / profile / comment","N*mm","PendingCatalogMapping","Новая таблица содержит 0; пустое числовое поле или отсутствующий ID означают 0. Непрочитанная таблица и ошибочный ввод не подменяются нулями","Назначенный LC с Calculation.Stability.Enabled=Yes и совпадающим Combination ID; для повторного ID используется первая строка","modWorkbookCalculation workbook-reader -> CUnitSystem -> CBatchSectionCalculator -> CStabilityCalculator/CStabilityResult -> canonical meta/summary writers; другие проверки продолжаются, writer не решает State","Реальные внутренние My длительной части, коэффициент PhiL2 существующей ветви SP63, фактические численные ячейки и ResultComment соответствующих writers","modTestProfileConfig.RunAudit03DurationConfigTests","docs/regression/Audit03/duration_v178_2026-10-03.txt; docs/regression/Audit03/full_off_duration_v179_2026-10-03.txt; docs/regression/Audit03/full_on_duration_v179_2026-10-03.txt","ActiveBehaviorAccepted:FullRangeReviewNotComplete","Положительное, отрицательное или нулевое число, которое читается и переводится в выбранные INPUT-единицы без переполнения; произвольный нормативный предел не добавлен","390 числовых вариантов всех 90 полей, 24 комбинации INPUT units/signs, независимые внутренние компоненты и PhiL, comments actual writers. Полный континуум, другие нормативные ветви и остальные взаимодействия Config этим срезом не закрываются",
"rngStabilityDurationLoads.Slot17.LC",,"rngStabilityDurationLoads","Config!P54","DerivedFormula","Formula","User load units / ID / path / profile / comment","PendingPerFieldReview","PendingCatalogMapping","PendingCallSiteReview","Requested source LC slot; gaps and IDs preserved","modWorkbookCalculation.LoadStabilityDurationLoadsFromWorkbook -> CBatchSectionCalculator -> CStabilityCalculator","PendingDirectedBehaviorTest","NotRun","NotRun","Inventoried:BehaviorNotAccepted",,,
"rngStabilityDurationLoads.Slot17.N, tf","rngStabilityDurationLoads.Slot17.N","rngStabilityDurationLoads","Config!Q54","UserInput","Optional signed numeric load","User load units / ID / path / profile / comment","N","PendingCatalogMapping","Новая таблица содержит 0; пустое числовое поле или отсутствующий ID означают 0. Непрочитанная таблица и ошибочный ввод не подменяются нулями","Назначенный LC с Calculation.Stability.Enabled=Yes и совпадающим Combination ID; для повторного ID используется первая строка","modWorkbookCalculation workbook-reader -> CUnitSystem -> CBatchSectionCalculator -> CStabilityCalculator/CStabilityResult -> canonical meta/summary writers; другие проверки продолжаются, writer не решает State","Реальные внутренние N длительной части, коэффициент PhiL1 существующей ветви SP63, фактические численные ячейки и ResultComment соответствующих writers","modTestProfileConfig.RunAudit03DurationConfigTests","docs/regression/Audit03/duration_v178_2026-10-03.txt; docs/regression/Audit03/full_off_duration_v179_2026-10-03.txt; docs/regression/Audit03/full_on_duration_v179_2026-10-03.txt","ActiveBehaviorAccepted:FullRangeReviewNotComplete","Положительное, отрицательное или нулевое число, которое читается и переводится в выбранные INPUT-единицы без переполнения; произвольный нормативный предел не добавлен","390 числовых вариантов всех 90 полей, 24 комбинации INPUT units/signs, независимые внутренние компоненты и PhiL, comments actual writers. Полный континуум, другие нормативные ветви и остальные взаимодействия Config этим срезом не закрываются",
"rngStabilityDurationLoads.Slot17.Mx, tf*m","rngStabilityDurationLoads.Slot17.Mx","rngStabilityDurationLoads","Config!R54","UserInput","Optional signed numeric load","User load units / ID / path / profile / comment","N*mm","PendingCatalogMapping","Новая таблица содержит 0; пустое числовое поле или отсутствующий ID означают 0. Непрочитанная таблица и ошибочный ввод не подменяются нулями","Назначенный LC с Calculation.Stability.Enabled=Yes и совпадающим Combination ID; для повторного ID используется первая строка","modWorkbookCalculation workbook-reader -> CUnitSystem -> CBatchSectionCalculator -> CStabilityCalculator/CStabilityResult -> canonical meta/summary writers; другие проверки продолжаются, writer не решает State","Реальные внутренние Mx длительной части, коэффициент PhiL1 существующей ветви SP63, фактические численные ячейки и ResultComment соответствующих writers","modTestProfileConfig.RunAudit03DurationConfigTests","docs/regression/Audit03/duration_v178_2026-10-03.txt; docs/regression/Audit03/full_off_duration_v179_2026-10-03.txt; docs/regression/Audit03/full_on_duration_v179_2026-10-03.txt","ActiveBehaviorAccepted:FullRangeReviewNotComplete","Положительное, отрицательное или нулевое число, которое читается и переводится в выбранные INPUT-единицы без переполнения; произвольный нормативный предел не добавлен","390 числовых вариантов всех 90 полей, 24 комбинации INPUT units/signs, независимые внутренние компоненты и PhiL, comments actual writers. Полный континуум, другие нормативные ветви и остальные взаимодействия Config этим срезом не закрываются",
"rngStabilityDurationLoads.Slot17.My, tf*m","rngStabilityDurationLoads.Slot17.My","rngStabilityDurationLoads","Config!S54","UserInput","Optional signed numeric load","User load units / ID / path / profile / comment","N*mm","PendingCatalogMapping","Новая таблица содержит 0; пустое числовое поле или отсутствующий ID означают 0. Непрочитанная таблица и ошибочный ввод не подменяются нулями","Назначенный LC с Calculation.Stability.Enabled=Yes и совпадающим Combination ID; для повторного ID используется первая строка","modWorkbookCalculation workbook-reader -> CUnitSystem -> CBatchSectionCalculator -> CStabilityCalculator/CStabilityResult -> canonical meta/summary writers; другие проверки продолжаются, writer не решает State","Реальные внутренние My длительной части, коэффициент PhiL2 существующей ветви SP63, фактические численные ячейки и ResultComment соответствующих writers","modTestProfileConfig.RunAudit03DurationConfigTests","docs/regression/Audit03/duration_v178_2026-10-03.txt; docs/regression/Audit03/full_off_duration_v179_2026-10-03.txt; docs/regression/Audit03/full_on_duration_v179_2026-10-03.txt","ActiveBehaviorAccepted:FullRangeReviewNotComplete","Положительное, отрицательное или нулевое число, которое читается и переводится в выбранные INPUT-единицы без переполнения; произвольный нормативный предел не добавлен","390 числовых вариантов всех 90 полей, 24 комбинации INPUT units/signs, независимые внутренние компоненты и PhiL, comments actual writers. Полный континуум, другие нормативные ветви и остальные взаимодействия Config этим срезом не закрываются",
"rngStabilityDurationLoads.Slot18.LC",,"rngStabilityDurationLoads","Config!P55","DerivedFormula","Formula","User load units / ID / path / profile / comment","PendingPerFieldReview","PendingCatalogMapping","PendingCallSiteReview","Requested source LC slot; gaps and IDs preserved","modWorkbookCalculation.LoadStabilityDurationLoadsFromWorkbook -> CBatchSectionCalculator -> CStabilityCalculator","PendingDirectedBehaviorTest","NotRun","NotRun","Inventoried:BehaviorNotAccepted",,,
"rngStabilityDurationLoads.Slot18.N, tf","rngStabilityDurationLoads.Slot18.N","rngStabilityDurationLoads","Config!Q55","UserInput","Optional signed numeric load","User load units / ID / path / profile / comment","N","PendingCatalogMapping","Новая таблица содержит 0; пустое числовое поле или отсутствующий ID означают 0. Непрочитанная таблица и ошибочный ввод не подменяются нулями","Назначенный LC с Calculation.Stability.Enabled=Yes и совпадающим Combination ID; для повторного ID используется первая строка","modWorkbookCalculation workbook-reader -> CUnitSystem -> CBatchSectionCalculator -> CStabilityCalculator/CStabilityResult -> canonical meta/summary writers; другие проверки продолжаются, writer не решает State","Реальные внутренние N длительной части, коэффициент PhiL1 существующей ветви SP63, фактические численные ячейки и ResultComment соответствующих writers","modTestProfileConfig.RunAudit03DurationConfigTests","docs/regression/Audit03/duration_v178_2026-10-03.txt; docs/regression/Audit03/full_off_duration_v179_2026-10-03.txt; docs/regression/Audit03/full_on_duration_v179_2026-10-03.txt","ActiveBehaviorAccepted:FullRangeReviewNotComplete","Положительное, отрицательное или нулевое число, которое читается и переводится в выбранные INPUT-единицы без переполнения; произвольный нормативный предел не добавлен","390 числовых вариантов всех 90 полей, 24 комбинации INPUT units/signs, независимые внутренние компоненты и PhiL, comments actual writers. Полный континуум, другие нормативные ветви и остальные взаимодействия Config этим срезом не закрываются",
"rngStabilityDurationLoads.Slot18.Mx, tf*m","rngStabilityDurationLoads.Slot18.Mx","rngStabilityDurationLoads","Config!R55","UserInput","Optional signed numeric load","User load units / ID / path / profile / comment","N*mm","PendingCatalogMapping","Новая таблица содержит 0; пустое числовое поле или отсутствующий ID означают 0. Непрочитанная таблица и ошибочный ввод не подменяются нулями","Назначенный LC с Calculation.Stability.Enabled=Yes и совпадающим Combination ID; для повторного ID используется первая строка","modWorkbookCalculation workbook-reader -> CUnitSystem -> CBatchSectionCalculator -> CStabilityCalculator/CStabilityResult -> canonical meta/summary writers; другие проверки продолжаются, writer не решает State","Реальные внутренние Mx длительной части, коэффициент PhiL1 существующей ветви SP63, фактические численные ячейки и ResultComment соответствующих writers","modTestProfileConfig.RunAudit03DurationConfigTests","docs/regression/Audit03/duration_v178_2026-10-03.txt; docs/regression/Audit03/full_off_duration_v179_2026-10-03.txt; docs/regression/Audit03/full_on_duration_v179_2026-10-03.txt","ActiveBehaviorAccepted:FullRangeReviewNotComplete","Положительное, отрицательное или нулевое число, которое читается и переводится в выбранные INPUT-единицы без переполнения; произвольный нормативный предел не добавлен","390 числовых вариантов всех 90 полей, 24 комбинации INPUT units/signs, независимые внутренние компоненты и PhiL, comments actual writers. Полный континуум, другие нормативные ветви и остальные взаимодействия Config этим срезом не закрываются",
"rngStabilityDurationLoads.Slot18.My, tf*m","rngStabilityDurationLoads.Slot18.My","rngStabilityDurationLoads","Config!S55","UserInput","Optional signed numeric load","User load units / ID / path / profile / comment","N*mm","PendingCatalogMapping","Новая таблица содержит 0; пустое числовое поле или отсутствующий ID означают 0. Непрочитанная таблица и ошибочный ввод не подменяются нулями","Назначенный LC с Calculation.Stability.Enabled=Yes и совпадающим Combination ID; для повторного ID используется первая строка","modWorkbookCalculation workbook-reader -> CUnitSystem -> CBatchSectionCalculator -> CStabilityCalculator/CStabilityResult -> canonical meta/summary writers; другие проверки продолжаются, writer не решает State","Реальные внутренние My длительной части, коэффициент PhiL2 существующей ветви SP63, фактические численные ячейки и ResultComment соответствующих writers","modTestProfileConfig.RunAudit03DurationConfigTests","docs/regression/Audit03/duration_v178_2026-10-03.txt; docs/regression/Audit03/full_off_duration_v179_2026-10-03.txt; docs/regression/Audit03/full_on_duration_v179_2026-10-03.txt","ActiveBehaviorAccepted:FullRangeReviewNotComplete","Положительное, отрицательное или нулевое число, которое читается и переводится в выбранные INPUT-единицы без переполнения; произвольный нормативный предел не добавлен","390 числовых вариантов всех 90 полей, 24 комбинации INPUT units/signs, независимые внутренние компоненты и PhiL, comments actual writers. Полный континуум, другие нормативные ветви и остальные взаимодействия Config этим срезом не закрываются",
"rngStabilityDurationLoads.Slot19.LC",,"rngStabilityDurationLoads","Config!P56","DerivedFormula","Formula","User load units / ID / path / profile / comment","PendingPerFieldReview","PendingCatalogMapping","PendingCallSiteReview","Requested source LC slot; gaps and IDs preserved","modWorkbookCalculation.LoadStabilityDurationLoadsFromWorkbook -> CBatchSectionCalculator -> CStabilityCalculator","PendingDirectedBehaviorTest","NotRun","NotRun","Inventoried:BehaviorNotAccepted",,,
"rngStabilityDurationLoads.Slot19.N, tf","rngStabilityDurationLoads.Slot19.N","rngStabilityDurationLoads","Config!Q56","UserInput","Optional signed numeric load","User load units / ID / path / profile / comment","N","PendingCatalogMapping","Новая таблица содержит 0; пустое числовое поле или отсутствующий ID означают 0. Непрочитанная таблица и ошибочный ввод не подменяются нулями","Назначенный LC с Calculation.Stability.Enabled=Yes и совпадающим Combination ID; для повторного ID используется первая строка","modWorkbookCalculation workbook-reader -> CUnitSystem -> CBatchSectionCalculator -> CStabilityCalculator/CStabilityResult -> canonical meta/summary writers; другие проверки продолжаются, writer не решает State","Реальные внутренние N длительной части, коэффициент PhiL1 существующей ветви SP63, фактические численные ячейки и ResultComment соответствующих writers","modTestProfileConfig.RunAudit03DurationConfigTests","docs/regression/Audit03/duration_v178_2026-10-03.txt; docs/regression/Audit03/full_off_duration_v179_2026-10-03.txt; docs/regression/Audit03/full_on_duration_v179_2026-10-03.txt","ActiveBehaviorAccepted:FullRangeReviewNotComplete","Положительное, отрицательное или нулевое число, которое читается и переводится в выбранные INPUT-единицы без переполнения; произвольный нормативный предел не добавлен","390 числовых вариантов всех 90 полей, 24 комбинации INPUT units/signs, независимые внутренние компоненты и PhiL, comments actual writers. Полный континуум, другие нормативные ветви и остальные взаимодействия Config этим срезом не закрываются",
"rngStabilityDurationLoads.Slot19.Mx, tf*m","rngStabilityDurationLoads.Slot19.Mx","rngStabilityDurationLoads","Config!R56","UserInput","Optional signed numeric load","User load units / ID / path / profile / comment","N*mm","PendingCatalogMapping","Новая таблица содержит 0; пустое числовое поле или отсутствующий ID означают 0. Непрочитанная таблица и ошибочный ввод не подменяются нулями","Назначенный LC с Calculation.Stability.Enabled=Yes и совпадающим Combination ID; для повторного ID используется первая строка","modWorkbookCalculation workbook-reader -> CUnitSystem -> CBatchSectionCalculator -> CStabilityCalculator/CStabilityResult -> canonical meta/summary writers; другие проверки продолжаются, writer не решает State","Реальные внутренние Mx длительной части, коэффициент PhiL1 существующей ветви SP63, фактические численные ячейки и ResultComment соответствующих writers","modTestProfileConfig.RunAudit03DurationConfigTests","docs/regression/Audit03/duration_v178_2026-10-03.txt; docs/regression/Audit03/full_off_duration_v179_2026-10-03.txt; docs/regression/Audit03/full_on_duration_v179_2026-10-03.txt","ActiveBehaviorAccepted:FullRangeReviewNotComplete","Положительное, отрицательное или нулевое число, которое читается и переводится в выбранные INPUT-единицы без переполнения; произвольный нормативный предел не добавлен","390 числовых вариантов всех 90 полей, 24 комбинации INPUT units/signs, независимые внутренние компоненты и PhiL, comments actual writers. Полный континуум, другие нормативные ветви и остальные взаимодействия Config этим срезом не закрываются",
"rngStabilityDurationLoads.Slot19.My, tf*m","rngStabilityDurationLoads.Slot19.My","rngStabilityDurationLoads","Config!S56","UserInput","Optional signed numeric load","User load units / ID / path / profile / comment","N*mm","PendingCatalogMapping","Новая таблица содержит 0; пустое числовое поле или отсутствующий ID означают 0. Непрочитанная таблица и ошибочный ввод не подменяются нулями","Назначенный LC с Calculation.Stability.Enabled=Yes и совпадающим Combination ID; для повторного ID используется первая строка","modWorkbookCalculation workbook-reader -> CUnitSystem -> CBatchSectionCalculator -> CStabilityCalculator/CStabilityResult -> canonical meta/summary writers; другие проверки продолжаются, writer не решает State","Реальные внутренние My длительной части, коэффициент PhiL2 существующей ветви SP63, фактические численные ячейки и ResultComment соответствующих writers","modTestProfileConfig.RunAudit03DurationConfigTests","docs/regression/Audit03/duration_v178_2026-10-03.txt; docs/regression/Audit03/full_off_duration_v179_2026-10-03.txt; docs/regression/Audit03/full_on_duration_v179_2026-10-03.txt","ActiveBehaviorAccepted:FullRangeReviewNotComplete","Положительное, отрицательное или нулевое число, которое читается и переводится в выбранные INPUT-единицы без переполнения; произвольный нормативный предел не добавлен","390 числовых вариантов всех 90 полей, 24 комбинации INPUT units/signs, независимые внутренние компоненты и PhiL, comments actual writers. Полный континуум, другие нормативные ветви и остальные взаимодействия Config этим срезом не закрываются",
"rngStabilityDurationLoads.Slot20.LC",,"rngStabilityDurationLoads","Config!P57","DerivedFormula","Formula","User load units / ID / path / profile / comment","PendingPerFieldReview","PendingCatalogMapping","PendingCallSiteReview","Requested source LC slot; gaps and IDs preserved","modWorkbookCalculation.LoadStabilityDurationLoadsFromWorkbook -> CBatchSectionCalculator -> CStabilityCalculator","PendingDirectedBehaviorTest","NotRun","NotRun","Inventoried:BehaviorNotAccepted",,,
"rngStabilityDurationLoads.Slot20.N, tf","rngStabilityDurationLoads.Slot20.N","rngStabilityDurationLoads","Config!Q57","UserInput","Optional signed numeric load","User load units / ID / path / profile / comment","N","PendingCatalogMapping","Новая таблица содержит 0; пустое числовое поле или отсутствующий ID означают 0. Непрочитанная таблица и ошибочный ввод не подменяются нулями","Назначенный LC с Calculation.Stability.Enabled=Yes и совпадающим Combination ID; для повторного ID используется первая строка","modWorkbookCalculation workbook-reader -> CUnitSystem -> CBatchSectionCalculator -> CStabilityCalculator/CStabilityResult -> canonical meta/summary writers; другие проверки продолжаются, writer не решает State","Реальные внутренние N длительной части, коэффициент PhiL1 существующей ветви SP63, фактические численные ячейки и ResultComment соответствующих writers","modTestProfileConfig.RunAudit03DurationConfigTests","docs/regression/Audit03/duration_v178_2026-10-03.txt; docs/regression/Audit03/full_off_duration_v179_2026-10-03.txt; docs/regression/Audit03/full_on_duration_v179_2026-10-03.txt","ActiveBehaviorAccepted:FullRangeReviewNotComplete","Положительное, отрицательное или нулевое число, которое читается и переводится в выбранные INPUT-единицы без переполнения; произвольный нормативный предел не добавлен","390 числовых вариантов всех 90 полей, 24 комбинации INPUT units/signs, независимые внутренние компоненты и PhiL, comments actual writers. Полный континуум, другие нормативные ветви и остальные взаимодействия Config этим срезом не закрываются",
"rngStabilityDurationLoads.Slot20.Mx, tf*m","rngStabilityDurationLoads.Slot20.Mx","rngStabilityDurationLoads","Config!R57","UserInput","Optional signed numeric load","User load units / ID / path / profile / comment","N*mm","PendingCatalogMapping","Новая таблица содержит 0; пустое числовое поле или отсутствующий ID означают 0. Непрочитанная таблица и ошибочный ввод не подменяются нулями","Назначенный LC с Calculation.Stability.Enabled=Yes и совпадающим Combination ID; для повторного ID используется первая строка","modWorkbookCalculation workbook-reader -> CUnitSystem -> CBatchSectionCalculator -> CStabilityCalculator/CStabilityResult -> canonical meta/summary writers; другие проверки продолжаются, writer не решает State","Реальные внутренние Mx длительной части, коэффициент PhiL1 существующей ветви SP63, фактические численные ячейки и ResultComment соответствующих writers","modTestProfileConfig.RunAudit03DurationConfigTests","docs/regression/Audit03/duration_v178_2026-10-03.txt; docs/regression/Audit03/full_off_duration_v179_2026-10-03.txt; docs/regression/Audit03/full_on_duration_v179_2026-10-03.txt","ActiveBehaviorAccepted:FullRangeReviewNotComplete","Положительное, отрицательное или нулевое число, которое читается и переводится в выбранные INPUT-единицы без переполнения; произвольный нормативный предел не добавлен","390 числовых вариантов всех 90 полей, 24 комбинации INPUT units/signs, независимые внутренние компоненты и PhiL, comments actual writers. Полный континуум, другие нормативные ветви и остальные взаимодействия Config этим срезом не закрываются",
"rngStabilityDurationLoads.Slot20.My, tf*m","rngStabilityDurationLoads.Slot20.My","rngStabilityDurationLoads","Config!S57","UserInput","Optional signed numeric load","User load units / ID / path / profile / comment","N*mm","PendingCatalogMapping","Новая таблица содержит 0; пустое числовое поле или отсутствующий ID означают 0. Непрочитанная таблица и ошибочный ввод не подменяются нулями","Назначенный LC с Calculation.Stability.Enabled=Yes и совпадающим Combination ID; для повторного ID используется первая строка","modWorkbookCalculation workbook-reader -> CUnitSystem -> CBatchSectionCalculator -> CStabilityCalculator/CStabilityResult -> canonical meta/summary writers; другие проверки продолжаются, writer не решает State","Реальные внутренние My длительной части, коэффициент PhiL2 существующей ветви SP63, фактические численные ячейки и ResultComment соответствующих writers","modTestProfileConfig.RunAudit03DurationConfigTests","docs/regression/Audit03/duration_v178_2026-10-03.txt; docs/regression/Audit03/full_off_duration_v179_2026-10-03.txt; docs/regression/Audit03/full_on_duration_v179_2026-10-03.txt","ActiveBehaviorAccepted:FullRangeReviewNotComplete","Положительное, отрицательное или нулевое число, которое читается и переводится в выбранные INPUT-единицы без переполнения; произвольный нормативный предел не добавлен","390 числовых вариантов всех 90 полей, 24 комбинации INPUT units/signs, независимые внутренние компоненты и PhiL, comments actual writers. Полный континуум, другие нормативные ветви и остальные взаимодействия Config этим срезом не закрываются",
"rngStabilityDurationLoads.Slot21.LC",,"rngStabilityDurationLoads","Config!P58","DerivedFormula","Formula","User load units / ID / path / profile / comment","PendingPerFieldReview","PendingCatalogMapping","PendingCallSiteReview","Requested source LC slot; gaps and IDs preserved","modWorkbookCalculation.LoadStabilityDurationLoadsFromWorkbook -> CBatchSectionCalculator -> CStabilityCalculator","PendingDirectedBehaviorTest","NotRun","NotRun","Inventoried:BehaviorNotAccepted",,,
"rngStabilityDurationLoads.Slot21.N, tf","rngStabilityDurationLoads.Slot21.N","rngStabilityDurationLoads","Config!Q58","UserInput","Optional signed numeric load","User load units / ID / path / profile / comment","N","PendingCatalogMapping","Новая таблица содержит 0; пустое числовое поле или отсутствующий ID означают 0. Непрочитанная таблица и ошибочный ввод не подменяются нулями","Назначенный LC с Calculation.Stability.Enabled=Yes и совпадающим Combination ID; для повторного ID используется первая строка","modWorkbookCalculation workbook-reader -> CUnitSystem -> CBatchSectionCalculator -> CStabilityCalculator/CStabilityResult -> canonical meta/summary writers; другие проверки продолжаются, writer не решает State","Реальные внутренние N длительной части, коэффициент PhiL1 существующей ветви SP63, фактические численные ячейки и ResultComment соответствующих writers","modTestProfileConfig.RunAudit03DurationConfigTests","docs/regression/Audit03/duration_v178_2026-10-03.txt; docs/regression/Audit03/full_off_duration_v179_2026-10-03.txt; docs/regression/Audit03/full_on_duration_v179_2026-10-03.txt","ActiveBehaviorAccepted:FullRangeReviewNotComplete","Положительное, отрицательное или нулевое число, которое читается и переводится в выбранные INPUT-единицы без переполнения; произвольный нормативный предел не добавлен","390 числовых вариантов всех 90 полей, 24 комбинации INPUT units/signs, независимые внутренние компоненты и PhiL, comments actual writers. Полный континуум, другие нормативные ветви и остальные взаимодействия Config этим срезом не закрываются",
"rngStabilityDurationLoads.Slot21.Mx, tf*m","rngStabilityDurationLoads.Slot21.Mx","rngStabilityDurationLoads","Config!R58","UserInput","Optional signed numeric load","User load units / ID / path / profile / comment","N*mm","PendingCatalogMapping","Новая таблица содержит 0; пустое числовое поле или отсутствующий ID означают 0. Непрочитанная таблица и ошибочный ввод не подменяются нулями","Назначенный LC с Calculation.Stability.Enabled=Yes и совпадающим Combination ID; для повторного ID используется первая строка","modWorkbookCalculation workbook-reader -> CUnitSystem -> CBatchSectionCalculator -> CStabilityCalculator/CStabilityResult -> canonical meta/summary writers; другие проверки продолжаются, writer не решает State","Реальные внутренние Mx длительной части, коэффициент PhiL1 существующей ветви SP63, фактические численные ячейки и ResultComment соответствующих writers","modTestProfileConfig.RunAudit03DurationConfigTests","docs/regression/Audit03/duration_v178_2026-10-03.txt; docs/regression/Audit03/full_off_duration_v179_2026-10-03.txt; docs/regression/Audit03/full_on_duration_v179_2026-10-03.txt","ActiveBehaviorAccepted:FullRangeReviewNotComplete","Положительное, отрицательное или нулевое число, которое читается и переводится в выбранные INPUT-единицы без переполнения; произвольный нормативный предел не добавлен","390 числовых вариантов всех 90 полей, 24 комбинации INPUT units/signs, независимые внутренние компоненты и PhiL, comments actual writers. Полный континуум, другие нормативные ветви и остальные взаимодействия Config этим срезом не закрываются",
"rngStabilityDurationLoads.Slot21.My, tf*m","rngStabilityDurationLoads.Slot21.My","rngStabilityDurationLoads","Config!S58","UserInput","Optional signed numeric load","User load units / ID / path / profile / comment","N*mm","PendingCatalogMapping","Новая таблица содержит 0; пустое числовое поле или отсутствующий ID означают 0. Непрочитанная таблица и ошибочный ввод не подменяются нулями","Назначенный LC с Calculation.Stability.Enabled=Yes и совпадающим Combination ID; для повторного ID используется первая строка","modWorkbookCalculation workbook-reader -> CUnitSystem -> CBatchSectionCalculator -> CStabilityCalculator/CStabilityResult -> canonical meta/summary writers; другие проверки продолжаются, writer не решает State","Реальные внутренние My длительной части, коэффициент PhiL2 существующей ветви SP63, фактические численные ячейки и ResultComment соответствующих writers","modTestProfileConfig.RunAudit03DurationConfigTests","docs/regression/Audit03/duration_v178_2026-10-03.txt; docs/regression/Audit03/full_off_duration_v179_2026-10-03.txt; docs/regression/Audit03/full_on_duration_v179_2026-10-03.txt","ActiveBehaviorAccepted:FullRangeReviewNotComplete","Положительное, отрицательное или нулевое число, которое читается и переводится в выбранные INPUT-единицы без переполнения; произвольный нормативный предел не добавлен","390 числовых вариантов всех 90 полей, 24 комбинации INPUT units/signs, независимые внутренние компоненты и PhiL, comments actual writers. Полный континуум, другие нормативные ветви и остальные взаимодействия Config этим срезом не закрываются",
"rngStabilityDurationLoads.Slot22.LC",,"rngStabilityDurationLoads","Config!P59","DerivedFormula","Formula","User load units / ID / path / profile / comment","PendingPerFieldReview","PendingCatalogMapping","PendingCallSiteReview","Requested source LC slot; gaps and IDs preserved","modWorkbookCalculation.LoadStabilityDurationLoadsFromWorkbook -> CBatchSectionCalculator -> CStabilityCalculator","PendingDirectedBehaviorTest","NotRun","NotRun","Inventoried:BehaviorNotAccepted",,,
"rngStabilityDurationLoads.Slot22.N, tf","rngStabilityDurationLoads.Slot22.N","rngStabilityDurationLoads","Config!Q59","UserInput","Optional signed numeric load","User load units / ID / path / profile / comment","N","PendingCatalogMapping","Новая таблица содержит 0; пустое числовое поле или отсутствующий ID означают 0. Непрочитанная таблица и ошибочный ввод не подменяются нулями","Назначенный LC с Calculation.Stability.Enabled=Yes и совпадающим Combination ID; для повторного ID используется первая строка","modWorkbookCalculation workbook-reader -> CUnitSystem -> CBatchSectionCalculator -> CStabilityCalculator/CStabilityResult -> canonical meta/summary writers; другие проверки продолжаются, writer не решает State","Реальные внутренние N длительной части, коэффициент PhiL1 существующей ветви SP63, фактические численные ячейки и ResultComment соответствующих writers","modTestProfileConfig.RunAudit03DurationConfigTests","docs/regression/Audit03/duration_v178_2026-10-03.txt; docs/regression/Audit03/full_off_duration_v179_2026-10-03.txt; docs/regression/Audit03/full_on_duration_v179_2026-10-03.txt","ActiveBehaviorAccepted:FullRangeReviewNotComplete","Положительное, отрицательное или нулевое число, которое читается и переводится в выбранные INPUT-единицы без переполнения; произвольный нормативный предел не добавлен","390 числовых вариантов всех 90 полей, 24 комбинации INPUT units/signs, независимые внутренние компоненты и PhiL, comments actual writers. Полный континуум, другие нормативные ветви и остальные взаимодействия Config этим срезом не закрываются",
"rngStabilityDurationLoads.Slot22.Mx, tf*m","rngStabilityDurationLoads.Slot22.Mx","rngStabilityDurationLoads","Config!R59","UserInput","Optional signed numeric load","User load units / ID / path / profile / comment","N*mm","PendingCatalogMapping","Новая таблица содержит 0; пустое числовое поле или отсутствующий ID означают 0. Непрочитанная таблица и ошибочный ввод не подменяются нулями","Назначенный LC с Calculation.Stability.Enabled=Yes и совпадающим Combination ID; для повторного ID используется первая строка","modWorkbookCalculation workbook-reader -> CUnitSystem -> CBatchSectionCalculator -> CStabilityCalculator/CStabilityResult -> canonical meta/summary writers; другие проверки продолжаются, writer не решает State","Реальные внутренние Mx длительной части, коэффициент PhiL1 существующей ветви SP63, фактические численные ячейки и ResultComment соответствующих writers","modTestProfileConfig.RunAudit03DurationConfigTests","docs/regression/Audit03/duration_v178_2026-10-03.txt; docs/regression/Audit03/full_off_duration_v179_2026-10-03.txt; docs/regression/Audit03/full_on_duration_v179_2026-10-03.txt","ActiveBehaviorAccepted:FullRangeReviewNotComplete","Положительное, отрицательное или нулевое число, которое читается и переводится в выбранные INPUT-единицы без переполнения; произвольный нормативный предел не добавлен","390 числовых вариантов всех 90 полей, 24 комбинации INPUT units/signs, независимые внутренние компоненты и PhiL, comments actual writers. Полный континуум, другие нормативные ветви и остальные взаимодействия Config этим срезом не закрываются",
"rngStabilityDurationLoads.Slot22.My, tf*m","rngStabilityDurationLoads.Slot22.My","rngStabilityDurationLoads","Config!S59","UserInput","Optional signed numeric load","User load units / ID / path / profile / comment","N*mm","PendingCatalogMapping","Новая таблица содержит 0; пустое числовое поле или отсутствующий ID означают 0. Непрочитанная таблица и ошибочный ввод не подменяются нулями","Назначенный LC с Calculation.Stability.Enabled=Yes и совпадающим Combination ID; для повторного ID используется первая строка","modWorkbookCalculation workbook-reader -> CUnitSystem -> CBatchSectionCalculator -> CStabilityCalculator/CStabilityResult -> canonical meta/summary writers; другие проверки продолжаются, writer не решает State","Реальные внутренние My длительной части, коэффициент PhiL2 существующей ветви SP63, фактические численные ячейки и ResultComment соответствующих writers","modTestProfileConfig.RunAudit03DurationConfigTests","docs/regression/Audit03/duration_v178_2026-10-03.txt; docs/regression/Audit03/full_off_duration_v179_2026-10-03.txt; docs/regression/Audit03/full_on_duration_v179_2026-10-03.txt","ActiveBehaviorAccepted:FullRangeReviewNotComplete","Положительное, отрицательное или нулевое число, которое читается и переводится в выбранные INPUT-единицы без переполнения; произвольный нормативный предел не добавлен","390 числовых вариантов всех 90 полей, 24 комбинации INPUT units/signs, независимые внутренние компоненты и PhiL, comments actual writers. Полный континуум, другие нормативные ветви и остальные взаимодействия Config этим срезом не закрываются",
"rngStabilityDurationLoads.Slot23.LC",,"rngStabilityDurationLoads","Config!P60","DerivedFormula","Formula","User load units / ID / path / profile / comment","PendingPerFieldReview","PendingCatalogMapping","PendingCallSiteReview","Requested source LC slot; gaps and IDs preserved","modWorkbookCalculation.LoadStabilityDurationLoadsFromWorkbook -> CBatchSectionCalculator -> CStabilityCalculator","PendingDirectedBehaviorTest","NotRun","NotRun","Inventoried:BehaviorNotAccepted",,,
"rngStabilityDurationLoads.Slot23.N, tf","rngStabilityDurationLoads.Slot23.N","rngStabilityDurationLoads","Config!Q60","UserInput","Optional signed numeric load","User load units / ID / path / profile / comment","N","PendingCatalogMapping","Новая таблица содержит 0; пустое числовое поле или отсутствующий ID означают 0. Непрочитанная таблица и ошибочный ввод не подменяются нулями","Назначенный LC с Calculation.Stability.Enabled=Yes и совпадающим Combination ID; для повторного ID используется первая строка","modWorkbookCalculation workbook-reader -> CUnitSystem -> CBatchSectionCalculator -> CStabilityCalculator/CStabilityResult -> canonical meta/summary writers; другие проверки продолжаются, writer не решает State","Реальные внутренние N длительной части, коэффициент PhiL1 существующей ветви SP63, фактические численные ячейки и ResultComment соответствующих writers","modTestProfileConfig.RunAudit03DurationConfigTests","docs/regression/Audit03/duration_v178_2026-10-03.txt; docs/regression/Audit03/full_off_duration_v179_2026-10-03.txt; docs/regression/Audit03/full_on_duration_v179_2026-10-03.txt","ActiveBehaviorAccepted:FullRangeReviewNotComplete","Положительное, отрицательное или нулевое число, которое читается и переводится в выбранные INPUT-единицы без переполнения; произвольный нормативный предел не добавлен","390 числовых вариантов всех 90 полей, 24 комбинации INPUT units/signs, независимые внутренние компоненты и PhiL, comments actual writers. Полный континуум, другие нормативные ветви и остальные взаимодействия Config этим срезом не закрываются",
"rngStabilityDurationLoads.Slot23.Mx, tf*m","rngStabilityDurationLoads.Slot23.Mx","rngStabilityDurationLoads","Config!R60","UserInput","Optional signed numeric load","User load units / ID / path / profile / comment","N*mm","PendingCatalogMapping","Новая таблица содержит 0; пустое числовое поле или отсутствующий ID означают 0. Непрочитанная таблица и ошибочный ввод не подменяются нулями","Назначенный LC с Calculation.Stability.Enabled=Yes и совпадающим Combination ID; для повторного ID используется первая строка","modWorkbookCalculation workbook-reader -> CUnitSystem -> CBatchSectionCalculator -> CStabilityCalculator/CStabilityResult -> canonical meta/summary writers; другие проверки продолжаются, writer не решает State","Реальные внутренние Mx длительной части, коэффициент PhiL1 существующей ветви SP63, фактические численные ячейки и ResultComment соответствующих writers","modTestProfileConfig.RunAudit03DurationConfigTests","docs/regression/Audit03/duration_v178_2026-10-03.txt; docs/regression/Audit03/full_off_duration_v179_2026-10-03.txt; docs/regression/Audit03/full_on_duration_v179_2026-10-03.txt","ActiveBehaviorAccepted:FullRangeReviewNotComplete","Положительное, отрицательное или нулевое число, которое читается и переводится в выбранные INPUT-единицы без переполнения; произвольный нормативный предел не добавлен","390 числовых вариантов всех 90 полей, 24 комбинации INPUT units/signs, независимые внутренние компоненты и PhiL, comments actual writers. Полный континуум, другие нормативные ветви и остальные взаимодействия Config этим срезом не закрываются",
"rngStabilityDurationLoads.Slot23.My, tf*m","rngStabilityDurationLoads.Slot23.My","rngStabilityDurationLoads","Config!S60","UserInput","Optional signed numeric load","User load units / ID / path / profile / comment","N*mm","PendingCatalogMapping","Новая таблица содержит 0; пустое числовое поле или отсутствующий ID означают 0. Непрочитанная таблица и ошибочный ввод не подменяются нулями","Назначенный LC с Calculation.Stability.Enabled=Yes и совпадающим Combination ID; для повторного ID используется первая строка","modWorkbookCalculation workbook-reader -> CUnitSystem -> CBatchSectionCalculator -> CStabilityCalculator/CStabilityResult -> canonical meta/summary writers; другие проверки продолжаются, writer не решает State","Реальные внутренние My длительной части, коэффициент PhiL2 существующей ветви SP63, фактические численные ячейки и ResultComment соответствующих writers","modTestProfileConfig.RunAudit03DurationConfigTests","docs/regression/Audit03/duration_v178_2026-10-03.txt; docs/regression/Audit03/full_off_duration_v179_2026-10-03.txt; docs/regression/Audit03/full_on_duration_v179_2026-10-03.txt","ActiveBehaviorAccepted:FullRangeReviewNotComplete","Положительное, отрицательное или нулевое число, которое читается и переводится в выбранные INPUT-единицы без переполнения; произвольный нормативный предел не добавлен","390 числовых вариантов всех 90 полей, 24 комбинации INPUT units/signs, независимые внутренние компоненты и PhiL, comments actual writers. Полный континуум, другие нормативные ветви и остальные взаимодействия Config этим срезом не закрываются",
"rngStabilityDurationLoads.Slot24.LC",,"rngStabilityDurationLoads","Config!P61","DerivedFormula","Formula","User load units / ID / path / profile / comment","PendingPerFieldReview","PendingCatalogMapping","PendingCallSiteReview","Requested source LC slot; gaps and IDs preserved","modWorkbookCalculation.LoadStabilityDurationLoadsFromWorkbook -> CBatchSectionCalculator -> CStabilityCalculator","PendingDirectedBehaviorTest","NotRun","NotRun","Inventoried:BehaviorNotAccepted",,,
"rngStabilityDurationLoads.Slot24.N, tf","rngStabilityDurationLoads.Slot24.N","rngStabilityDurationLoads","Config!Q61","UserInput","Optional signed numeric load","User load units / ID / path / profile / comment","N","PendingCatalogMapping","Новая таблица содержит 0; пустое числовое поле или отсутствующий ID означают 0. Непрочитанная таблица и ошибочный ввод не подменяются нулями","Назначенный LC с Calculation.Stability.Enabled=Yes и совпадающим Combination ID; для повторного ID используется первая строка","modWorkbookCalculation workbook-reader -> CUnitSystem -> CBatchSectionCalculator -> CStabilityCalculator/CStabilityResult -> canonical meta/summary writers; другие проверки продолжаются, writer не решает State","Реальные внутренние N длительной части, коэффициент PhiL1 существующей ветви SP63, фактические численные ячейки и ResultComment соответствующих writers","modTestProfileConfig.RunAudit03DurationConfigTests","docs/regression/Audit03/duration_v178_2026-10-03.txt; docs/regression/Audit03/full_off_duration_v179_2026-10-03.txt; docs/regression/Audit03/full_on_duration_v179_2026-10-03.txt","ActiveBehaviorAccepted:FullRangeReviewNotComplete","Положительное, отрицательное или нулевое число, которое читается и переводится в выбранные INPUT-единицы без переполнения; произвольный нормативный предел не добавлен","390 числовых вариантов всех 90 полей, 24 комбинации INPUT units/signs, независимые внутренние компоненты и PhiL, comments actual writers. Полный континуум, другие нормативные ветви и остальные взаимодействия Config этим срезом не закрываются",
"rngStabilityDurationLoads.Slot24.Mx, tf*m","rngStabilityDurationLoads.Slot24.Mx","rngStabilityDurationLoads","Config!R61","UserInput","Optional signed numeric load","User load units / ID / path / profile / comment","N*mm","PendingCatalogMapping","Новая таблица содержит 0; пустое числовое поле или отсутствующий ID означают 0. Непрочитанная таблица и ошибочный ввод не подменяются нулями","Назначенный LC с Calculation.Stability.Enabled=Yes и совпадающим Combination ID; для повторного ID используется первая строка","modWorkbookCalculation workbook-reader -> CUnitSystem -> CBatchSectionCalculator -> CStabilityCalculator/CStabilityResult -> canonical meta/summary writers; другие проверки продолжаются, writer не решает State","Реальные внутренние Mx длительной части, коэффициент PhiL1 существующей ветви SP63, фактические численные ячейки и ResultComment соответствующих writers","modTestProfileConfig.RunAudit03DurationConfigTests","docs/regression/Audit03/duration_v178_2026-10-03.txt; docs/regression/Audit03/full_off_duration_v179_2026-10-03.txt; docs/regression/Audit03/full_on_duration_v179_2026-10-03.txt","ActiveBehaviorAccepted:FullRangeReviewNotComplete","Положительное, отрицательное или нулевое число, которое читается и переводится в выбранные INPUT-единицы без переполнения; произвольный нормативный предел не добавлен","390 числовых вариантов всех 90 полей, 24 комбинации INPUT units/signs, независимые внутренние компоненты и PhiL, comments actual writers. Полный континуум, другие нормативные ветви и остальные взаимодействия Config этим срезом не закрываются",
"rngStabilityDurationLoads.Slot24.My, tf*m","rngStabilityDurationLoads.Slot24.My","rngStabilityDurationLoads","Config!S61","UserInput","Optional signed numeric load","User load units / ID / path / profile / comment","N*mm","PendingCatalogMapping","Новая таблица содержит 0; пустое числовое поле или отсутствующий ID означают 0. Непрочитанная таблица и ошибочный ввод не подменяются нулями","Назначенный LC с Calculation.Stability.Enabled=Yes и совпадающим Combination ID; для повторного ID используется первая строка","modWorkbookCalculation workbook-reader -> CUnitSystem -> CBatchSectionCalculator -> CStabilityCalculator/CStabilityResult -> canonical meta/summary writers; другие проверки продолжаются, writer не решает State","Реальные внутренние My длительной части, коэффициент PhiL2 существующей ветви SP63, фактические численные ячейки и ResultComment соответствующих writers","modTestProfileConfig.RunAudit03DurationConfigTests","docs/regression/Audit03/duration_v178_2026-10-03.txt; docs/regression/Audit03/full_off_duration_v179_2026-10-03.txt; docs/regression/Audit03/full_on_duration_v179_2026-10-03.txt","ActiveBehaviorAccepted:FullRangeReviewNotComplete","Положительное, отрицательное или нулевое число, которое читается и переводится в выбранные INPUT-единицы без переполнения; произвольный нормативный предел не добавлен","390 числовых вариантов всех 90 полей, 24 комбинации INPUT units/signs, независимые внутренние компоненты и PhiL, comments actual writers. Полный континуум, другие нормативные ветви и остальные взаимодействия Config этим срезом не закрываются",
"rngStabilityDurationLoads.Slot25.LC",,"rngStabilityDurationLoads","Config!P62","DerivedFormula","Formula","User load units / ID / path / profile / comment","PendingPerFieldReview","PendingCatalogMapping","PendingCallSiteReview","Requested source LC slot; gaps and IDs preserved","modWorkbookCalculation.LoadStabilityDurationLoadsFromWorkbook -> CBatchSectionCalculator -> CStabilityCalculator","PendingDirectedBehaviorTest","NotRun","NotRun","Inventoried:BehaviorNotAccepted",,,
"rngStabilityDurationLoads.Slot25.N, tf","rngStabilityDurationLoads.Slot25.N","rngStabilityDurationLoads","Config!Q62","UserInput","Optional signed numeric load","User load units / ID / path / profile / comment","N","PendingCatalogMapping","Новая таблица содержит 0; пустое числовое поле или отсутствующий ID означают 0. Непрочитанная таблица и ошибочный ввод не подменяются нулями","Назначенный LC с Calculation.Stability.Enabled=Yes и совпадающим Combination ID; для повторного ID используется первая строка","modWorkbookCalculation workbook-reader -> CUnitSystem -> CBatchSectionCalculator -> CStabilityCalculator/CStabilityResult -> canonical meta/summary writers; другие проверки продолжаются, writer не решает State","Реальные внутренние N длительной части, коэффициент PhiL1 существующей ветви SP63, фактические численные ячейки и ResultComment соответствующих writers","modTestProfileConfig.RunAudit03DurationConfigTests","docs/regression/Audit03/duration_v178_2026-10-03.txt; docs/regression/Audit03/full_off_duration_v179_2026-10-03.txt; docs/regression/Audit03/full_on_duration_v179_2026-10-03.txt","ActiveBehaviorAccepted:FullRangeReviewNotComplete","Положительное, отрицательное или нулевое число, которое читается и переводится в выбранные INPUT-единицы без переполнения; произвольный нормативный предел не добавлен","390 числовых вариантов всех 90 полей, 24 комбинации INPUT units/signs, независимые внутренние компоненты и PhiL, comments actual writers. Полный континуум, другие нормативные ветви и остальные взаимодействия Config этим срезом не закрываются",
"rngStabilityDurationLoads.Slot25.Mx, tf*m","rngStabilityDurationLoads.Slot25.Mx","rngStabilityDurationLoads","Config!R62","UserInput","Optional signed numeric load","User load units / ID / path / profile / comment","N*mm","PendingCatalogMapping","Новая таблица содержит 0; пустое числовое поле или отсутствующий ID означают 0. Непрочитанная таблица и ошибочный ввод не подменяются нулями","Назначенный LC с Calculation.Stability.Enabled=Yes и совпадающим Combination ID; для повторного ID используется первая строка","modWorkbookCalculation workbook-reader -> CUnitSystem -> CBatchSectionCalculator -> CStabilityCalculator/CStabilityResult -> canonical meta/summary writers; другие проверки продолжаются, writer не решает State","Реальные внутренние Mx длительной части, коэффициент PhiL1 существующей ветви SP63, фактические численные ячейки и ResultComment соответствующих writers","modTestProfileConfig.RunAudit03DurationConfigTests","docs/regression/Audit03/duration_v178_2026-10-03.txt; docs/regression/Audit03/full_off_duration_v179_2026-10-03.txt; docs/regression/Audit03/full_on_duration_v179_2026-10-03.txt","ActiveBehaviorAccepted:FullRangeReviewNotComplete","Положительное, отрицательное или нулевое число, которое читается и переводится в выбранные INPUT-единицы без переполнения; произвольный нормативный предел не добавлен","390 числовых вариантов всех 90 полей, 24 комбинации INPUT units/signs, независимые внутренние компоненты и PhiL, comments actual writers. Полный континуум, другие нормативные ветви и остальные взаимодействия Config этим срезом не закрываются",
"rngStabilityDurationLoads.Slot25.My, tf*m","rngStabilityDurationLoads.Slot25.My","rngStabilityDurationLoads","Config!S62","UserInput","Optional signed numeric load","User load units / ID / path / profile / comment","N*mm","PendingCatalogMapping","Новая таблица содержит 0; пустое числовое поле или отсутствующий ID означают 0. Непрочитанная таблица и ошибочный ввод не подменяются нулями","Назначенный LC с Calculation.Stability.Enabled=Yes и совпадающим Combination ID; для повторного ID используется первая строка","modWorkbookCalculation workbook-reader -> CUnitSystem -> CBatchSectionCalculator -> CStabilityCalculator/CStabilityResult -> canonical meta/summary writers; другие проверки продолжаются, writer не решает State","Реальные внутренние My длительной части, коэффициент PhiL2 существующей ветви SP63, фактические численные ячейки и ResultComment соответствующих writers","modTestProfileConfig.RunAudit03DurationConfigTests","docs/regression/Audit03/duration_v178_2026-10-03.txt; docs/regression/Audit03/full_off_duration_v179_2026-10-03.txt; docs/regression/Audit03/full_on_duration_v179_2026-10-03.txt","ActiveBehaviorAccepted:FullRangeReviewNotComplete","Положительное, отрицательное или нулевое число, которое читается и переводится в выбранные INPUT-единицы без переполнения; произвольный нормативный предел не добавлен","390 числовых вариантов всех 90 полей, 24 комбинации INPUT units/signs, независимые внутренние компоненты и PhiL, comments actual writers. Полный континуум, другие нормативные ветви и остальные взаимодействия Config этим срезом не закрываются",
"rngStabilityDurationLoads.Slot26.LC",,"rngStabilityDurationLoads","Config!P63","DerivedFormula","Formula","User load units / ID / path / profile / comment","PendingPerFieldReview","PendingCatalogMapping","PendingCallSiteReview","Requested source LC slot; gaps and IDs preserved","modWorkbookCalculation.LoadStabilityDurationLoadsFromWorkbook -> CBatchSectionCalculator -> CStabilityCalculator","PendingDirectedBehaviorTest","NotRun","NotRun","Inventoried:BehaviorNotAccepted",,,
"rngStabilityDurationLoads.Slot26.N, tf","rngStabilityDurationLoads.Slot26.N","rngStabilityDurationLoads","Config!Q63","UserInput","Optional signed numeric load","User load units / ID / path / profile / comment","N","PendingCatalogMapping","Новая таблица содержит 0; пустое числовое поле или отсутствующий ID означают 0. Непрочитанная таблица и ошибочный ввод не подменяются нулями","Назначенный LC с Calculation.Stability.Enabled=Yes и совпадающим Combination ID; для повторного ID используется первая строка","modWorkbookCalculation workbook-reader -> CUnitSystem -> CBatchSectionCalculator -> CStabilityCalculator/CStabilityResult -> canonical meta/summary writers; другие проверки продолжаются, writer не решает State","Реальные внутренние N длительной части, коэффициент PhiL1 существующей ветви SP63, фактические численные ячейки и ResultComment соответствующих writers","modTestProfileConfig.RunAudit03DurationConfigTests","docs/regression/Audit03/duration_v178_2026-10-03.txt; docs/regression/Audit03/full_off_duration_v179_2026-10-03.txt; docs/regression/Audit03/full_on_duration_v179_2026-10-03.txt","ActiveBehaviorAccepted:FullRangeReviewNotComplete","Положительное, отрицательное или нулевое число, которое читается и переводится в выбранные INPUT-единицы без переполнения; произвольный нормативный предел не добавлен","390 числовых вариантов всех 90 полей, 24 комбинации INPUT units/signs, независимые внутренние компоненты и PhiL, comments actual writers. Полный континуум, другие нормативные ветви и остальные взаимодействия Config этим срезом не закрываются",
"rngStabilityDurationLoads.Slot26.Mx, tf*m","rngStabilityDurationLoads.Slot26.Mx","rngStabilityDurationLoads","Config!R63","UserInput","Optional signed numeric load","User load units / ID / path / profile / comment","N*mm","PendingCatalogMapping","Новая таблица содержит 0; пустое числовое поле или отсутствующий ID означают 0. Непрочитанная таблица и ошибочный ввод не подменяются нулями","Назначенный LC с Calculation.Stability.Enabled=Yes и совпадающим Combination ID; для повторного ID используется первая строка","modWorkbookCalculation workbook-reader -> CUnitSystem -> CBatchSectionCalculator -> CStabilityCalculator/CStabilityResult -> canonical meta/summary writers; другие проверки продолжаются, writer не решает State","Реальные внутренние Mx длительной части, коэффициент PhiL1 существующей ветви SP63, фактические численные ячейки и ResultComment соответствующих writers","modTestProfileConfig.RunAudit03DurationConfigTests","docs/regression/Audit03/duration_v178_2026-10-03.txt; docs/regression/Audit03/full_off_duration_v179_2026-10-03.txt; docs/regression/Audit03/full_on_duration_v179_2026-10-03.txt","ActiveBehaviorAccepted:FullRangeReviewNotComplete","Положительное, отрицательное или нулевое число, которое читается и переводится в выбранные INPUT-единицы без переполнения; произвольный нормативный предел не добавлен","390 числовых вариантов всех 90 полей, 24 комбинации INPUT units/signs, независимые внутренние компоненты и PhiL, comments actual writers. Полный континуум, другие нормативные ветви и остальные взаимодействия Config этим срезом не закрываются",
"rngStabilityDurationLoads.Slot26.My, tf*m","rngStabilityDurationLoads.Slot26.My","rngStabilityDurationLoads","Config!S63","UserInput","Optional signed numeric load","User load units / ID / path / profile / comment","N*mm","PendingCatalogMapping","Новая таблица содержит 0; пустое числовое поле или отсутствующий ID означают 0. Непрочитанная таблица и ошибочный ввод не подменяются нулями","Назначенный LC с Calculation.Stability.Enabled=Yes и совпадающим Combination ID; для повторного ID используется первая строка","modWorkbookCalculation workbook-reader -> CUnitSystem -> CBatchSectionCalculator -> CStabilityCalculator/CStabilityResult -> canonical meta/summary writers; другие проверки продолжаются, writer не решает State","Реальные внутренние My длительной части, коэффициент PhiL2 существующей ветви SP63, фактические численные ячейки и ResultComment соответствующих writers","modTestProfileConfig.RunAudit03DurationConfigTests","docs/regression/Audit03/duration_v178_2026-10-03.txt; docs/regression/Audit03/full_off_duration_v179_2026-10-03.txt; docs/regression/Audit03/full_on_duration_v179_2026-10-03.txt","ActiveBehaviorAccepted:FullRangeReviewNotComplete","Положительное, отрицательное или нулевое число, которое читается и переводится в выбранные INPUT-единицы без переполнения; произвольный нормативный предел не добавлен","390 числовых вариантов всех 90 полей, 24 комбинации INPUT units/signs, независимые внутренние компоненты и PhiL, comments actual writers. Полный континуум, другие нормативные ветви и остальные взаимодействия Config этим срезом не закрываются",
"rngStabilityDurationLoads.Slot27.LC",,"rngStabilityDurationLoads","Config!P64","DerivedFormula","Formula","User load units / ID / path / profile / comment","PendingPerFieldReview","PendingCatalogMapping","PendingCallSiteReview","Requested source LC slot; gaps and IDs preserved","modWorkbookCalculation.LoadStabilityDurationLoadsFromWorkbook -> CBatchSectionCalculator -> CStabilityCalculator","PendingDirectedBehaviorTest","NotRun","NotRun","Inventoried:BehaviorNotAccepted",,,
"rngStabilityDurationLoads.Slot27.N, tf","rngStabilityDurationLoads.Slot27.N","rngStabilityDurationLoads","Config!Q64","UserInput","Optional signed numeric load","User load units / ID / path / profile / comment","N","PendingCatalogMapping","Новая таблица содержит 0; пустое числовое поле или отсутствующий ID означают 0. Непрочитанная таблица и ошибочный ввод не подменяются нулями","Назначенный LC с Calculation.Stability.Enabled=Yes и совпадающим Combination ID; для повторного ID используется первая строка","modWorkbookCalculation workbook-reader -> CUnitSystem -> CBatchSectionCalculator -> CStabilityCalculator/CStabilityResult -> canonical meta/summary writers; другие проверки продолжаются, writer не решает State","Реальные внутренние N длительной части, коэффициент PhiL1 существующей ветви SP63, фактические численные ячейки и ResultComment соответствующих writers","modTestProfileConfig.RunAudit03DurationConfigTests","docs/regression/Audit03/duration_v178_2026-10-03.txt; docs/regression/Audit03/full_off_duration_v179_2026-10-03.txt; docs/regression/Audit03/full_on_duration_v179_2026-10-03.txt","ActiveBehaviorAccepted:FullRangeReviewNotComplete","Положительное, отрицательное или нулевое число, которое читается и переводится в выбранные INPUT-единицы без переполнения; произвольный нормативный предел не добавлен","390 числовых вариантов всех 90 полей, 24 комбинации INPUT units/signs, независимые внутренние компоненты и PhiL, comments actual writers. Полный континуум, другие нормативные ветви и остальные взаимодействия Config этим срезом не закрываются",
"rngStabilityDurationLoads.Slot27.Mx, tf*m","rngStabilityDurationLoads.Slot27.Mx","rngStabilityDurationLoads","Config!R64","UserInput","Optional signed numeric load","User load units / ID / path / profile / comment","N*mm","PendingCatalogMapping","Новая таблица содержит 0; пустое числовое поле или отсутствующий ID означают 0. Непрочитанная таблица и ошибочный ввод не подменяются нулями","Назначенный LC с Calculation.Stability.Enabled=Yes и совпадающим Combination ID; для повторного ID используется первая строка","modWorkbookCalculation workbook-reader -> CUnitSystem -> CBatchSectionCalculator -> CStabilityCalculator/CStabilityResult -> canonical meta/summary writers; другие проверки продолжаются, writer не решает State","Реальные внутренние Mx длительной части, коэффициент PhiL1 существующей ветви SP63, фактические численные ячейки и ResultComment соответствующих writers","modTestProfileConfig.RunAudit03DurationConfigTests","docs/regression/Audit03/duration_v178_2026-10-03.txt; docs/regression/Audit03/full_off_duration_v179_2026-10-03.txt; docs/regression/Audit03/full_on_duration_v179_2026-10-03.txt","ActiveBehaviorAccepted:FullRangeReviewNotComplete","Положительное, отрицательное или нулевое число, которое читается и переводится в выбранные INPUT-единицы без переполнения; произвольный нормативный предел не добавлен","390 числовых вариантов всех 90 полей, 24 комбинации INPUT units/signs, независимые внутренние компоненты и PhiL, comments actual writers. Полный континуум, другие нормативные ветви и остальные взаимодействия Config этим срезом не закрываются",
"rngStabilityDurationLoads.Slot27.My, tf*m","rngStabilityDurationLoads.Slot27.My","rngStabilityDurationLoads","Config!S64","UserInput","Optional signed numeric load","User load units / ID / path / profile / comment","N*mm","PendingCatalogMapping","Новая таблица содержит 0; пустое числовое поле или отсутствующий ID означают 0. Непрочитанная таблица и ошибочный ввод не подменяются нулями","Назначенный LC с Calculation.Stability.Enabled=Yes и совпадающим Combination ID; для повторного ID используется первая строка","modWorkbookCalculation workbook-reader -> CUnitSystem -> CBatchSectionCalculator -> CStabilityCalculator/CStabilityResult -> canonical meta/summary writers; другие проверки продолжаются, writer не решает State","Реальные внутренние My длительной части, коэффициент PhiL2 существующей ветви SP63, фактические численные ячейки и ResultComment соответствующих writers","modTestProfileConfig.RunAudit03DurationConfigTests","docs/regression/Audit03/duration_v178_2026-10-03.txt; docs/regression/Audit03/full_off_duration_v179_2026-10-03.txt; docs/regression/Audit03/full_on_duration_v179_2026-10-03.txt","ActiveBehaviorAccepted:FullRangeReviewNotComplete","Положительное, отрицательное или нулевое число, которое читается и переводится в выбранные INPUT-единицы без переполнения; произвольный нормативный предел не добавлен","390 числовых вариантов всех 90 полей, 24 комбинации INPUT units/signs, независимые внутренние компоненты и PhiL, comments actual writers. Полный континуум, другие нормативные ветви и остальные взаимодействия Config этим срезом не закрываются",
"rngStabilityDurationLoads.Slot28.LC",,"rngStabilityDurationLoads","Config!P65","DerivedFormula","Formula","User load units / ID / path / profile / comment","PendingPerFieldReview","PendingCatalogMapping","PendingCallSiteReview","Requested source LC slot; gaps and IDs preserved","modWorkbookCalculation.LoadStabilityDurationLoadsFromWorkbook -> CBatchSectionCalculator -> CStabilityCalculator","PendingDirectedBehaviorTest","NotRun","NotRun","Inventoried:BehaviorNotAccepted",,,
"rngStabilityDurationLoads.Slot28.N, tf","rngStabilityDurationLoads.Slot28.N","rngStabilityDurationLoads","Config!Q65","UserInput","Optional signed numeric load","User load units / ID / path / profile / comment","N","PendingCatalogMapping","Новая таблица содержит 0; пустое числовое поле или отсутствующий ID означают 0. Непрочитанная таблица и ошибочный ввод не подменяются нулями","Назначенный LC с Calculation.Stability.Enabled=Yes и совпадающим Combination ID; для повторного ID используется первая строка","modWorkbookCalculation workbook-reader -> CUnitSystem -> CBatchSectionCalculator -> CStabilityCalculator/CStabilityResult -> canonical meta/summary writers; другие проверки продолжаются, writer не решает State","Реальные внутренние N длительной части, коэффициент PhiL1 существующей ветви SP63, фактические численные ячейки и ResultComment соответствующих writers","modTestProfileConfig.RunAudit03DurationConfigTests","docs/regression/Audit03/duration_v178_2026-10-03.txt; docs/regression/Audit03/full_off_duration_v179_2026-10-03.txt; docs/regression/Audit03/full_on_duration_v179_2026-10-03.txt","ActiveBehaviorAccepted:FullRangeReviewNotComplete","Положительное, отрицательное или нулевое число, которое читается и переводится в выбранные INPUT-единицы без переполнения; произвольный нормативный предел не добавлен","390 числовых вариантов всех 90 полей, 24 комбинации INPUT units/signs, независимые внутренние компоненты и PhiL, comments actual writers. Полный континуум, другие нормативные ветви и остальные взаимодействия Config этим срезом не закрываются",
"rngStabilityDurationLoads.Slot28.Mx, tf*m","rngStabilityDurationLoads.Slot28.Mx","rngStabilityDurationLoads","Config!R65","UserInput","Optional signed numeric load","User load units / ID / path / profile / comment","N*mm","PendingCatalogMapping","Новая таблица содержит 0; пустое числовое поле или отсутствующий ID означают 0. Непрочитанная таблица и ошибочный ввод не подменяются нулями","Назначенный LC с Calculation.Stability.Enabled=Yes и совпадающим Combination ID; для повторного ID используется первая строка","modWorkbookCalculation workbook-reader -> CUnitSystem -> CBatchSectionCalculator -> CStabilityCalculator/CStabilityResult -> canonical meta/summary writers; другие проверки продолжаются, writer не решает State","Реальные внутренние Mx длительной части, коэффициент PhiL1 существующей ветви SP63, фактические численные ячейки и ResultComment соответствующих writers","modTestProfileConfig.RunAudit03DurationConfigTests","docs/regression/Audit03/duration_v178_2026-10-03.txt; docs/regression/Audit03/full_off_duration_v179_2026-10-03.txt; docs/regression/Audit03/full_on_duration_v179_2026-10-03.txt","ActiveBehaviorAccepted:FullRangeReviewNotComplete","Положительное, отрицательное или нулевое число, которое читается и переводится в выбранные INPUT-единицы без переполнения; произвольный нормативный предел не добавлен","390 числовых вариантов всех 90 полей, 24 комбинации INPUT units/signs, независимые внутренние компоненты и PhiL, comments actual writers. Полный континуум, другие нормативные ветви и остальные взаимодействия Config этим срезом не закрываются",
"rngStabilityDurationLoads.Slot28.My, tf*m","rngStabilityDurationLoads.Slot28.My","rngStabilityDurationLoads","Config!S65","UserInput","Optional signed numeric load","User load units / ID / path / profile / comment","N*mm","PendingCatalogMapping","Новая таблица содержит 0; пустое числовое поле или отсутствующий ID означают 0. Непрочитанная таблица и ошибочный ввод не подменяются нулями","Назначенный LC с Calculation.Stability.Enabled=Yes и совпадающим Combination ID; для повторного ID используется первая строка","modWorkbookCalculation workbook-reader -> CUnitSystem -> CBatchSectionCalculator -> CStabilityCalculator/CStabilityResult -> canonical meta/summary writers; другие проверки продолжаются, writer не решает State","Реальные внутренние My длительной части, коэффициент PhiL2 существующей ветви SP63, фактические численные ячейки и ResultComment соответствующих writers","modTestProfileConfig.RunAudit03DurationConfigTests","docs/regression/Audit03/duration_v178_2026-10-03.txt; docs/regression/Audit03/full_off_duration_v179_2026-10-03.txt; docs/regression/Audit03/full_on_duration_v179_2026-10-03.txt","ActiveBehaviorAccepted:FullRangeReviewNotComplete","Положительное, отрицательное или нулевое число, которое читается и переводится в выбранные INPUT-единицы без переполнения; произвольный нормативный предел не добавлен","390 числовых вариантов всех 90 полей, 24 комбинации INPUT units/signs, независимые внутренние компоненты и PhiL, comments actual writers. Полный континуум, другие нормативные ветви и остальные взаимодействия Config этим срезом не закрываются",
"rngStabilityDurationLoads.Slot29.LC",,"rngStabilityDurationLoads","Config!P66","DerivedFormula","Formula","User load units / ID / path / profile / comment","PendingPerFieldReview","PendingCatalogMapping","PendingCallSiteReview","Requested source LC slot; gaps and IDs preserved","modWorkbookCalculation.LoadStabilityDurationLoadsFromWorkbook -> CBatchSectionCalculator -> CStabilityCalculator","PendingDirectedBehaviorTest","NotRun","NotRun","Inventoried:BehaviorNotAccepted",,,
"rngStabilityDurationLoads.Slot29.N, tf","rngStabilityDurationLoads.Slot29.N","rngStabilityDurationLoads","Config!Q66","UserInput","Optional signed numeric load","User load units / ID / path / profile / comment","N","PendingCatalogMapping","Новая таблица содержит 0; пустое числовое поле или отсутствующий ID означают 0. Непрочитанная таблица и ошибочный ввод не подменяются нулями","Назначенный LC с Calculation.Stability.Enabled=Yes и совпадающим Combination ID; для повторного ID используется первая строка","modWorkbookCalculation workbook-reader -> CUnitSystem -> CBatchSectionCalculator -> CStabilityCalculator/CStabilityResult -> canonical meta/summary writers; другие проверки продолжаются, writer не решает State","Реальные внутренние N длительной части, коэффициент PhiL1 существующей ветви SP63, фактические численные ячейки и ResultComment соответствующих writers","modTestProfileConfig.RunAudit03DurationConfigTests","docs/regression/Audit03/duration_v178_2026-10-03.txt; docs/regression/Audit03/full_off_duration_v179_2026-10-03.txt; docs/regression/Audit03/full_on_duration_v179_2026-10-03.txt","ActiveBehaviorAccepted:FullRangeReviewNotComplete","Положительное, отрицательное или нулевое число, которое читается и переводится в выбранные INPUT-единицы без переполнения; произвольный нормативный предел не добавлен","390 числовых вариантов всех 90 полей, 24 комбинации INPUT units/signs, независимые внутренние компоненты и PhiL, comments actual writers. Полный континуум, другие нормативные ветви и остальные взаимодействия Config этим срезом не закрываются",
"rngStabilityDurationLoads.Slot29.Mx, tf*m","rngStabilityDurationLoads.Slot29.Mx","rngStabilityDurationLoads","Config!R66","UserInput","Optional signed numeric load","User load units / ID / path / profile / comment","N*mm","PendingCatalogMapping","Новая таблица содержит 0; пустое числовое поле или отсутствующий ID означают 0. Непрочитанная таблица и ошибочный ввод не подменяются нулями","Назначенный LC с Calculation.Stability.Enabled=Yes и совпадающим Combination ID; для повторного ID используется первая строка","modWorkbookCalculation workbook-reader -> CUnitSystem -> CBatchSectionCalculator -> CStabilityCalculator/CStabilityResult -> canonical meta/summary writers; другие проверки продолжаются, writer не решает State","Реальные внутренние Mx длительной части, коэффициент PhiL1 существующей ветви SP63, фактические численные ячейки и ResultComment соответствующих writers","modTestProfileConfig.RunAudit03DurationConfigTests","docs/regression/Audit03/duration_v178_2026-10-03.txt; docs/regression/Audit03/full_off_duration_v179_2026-10-03.txt; docs/regression/Audit03/full_on_duration_v179_2026-10-03.txt","ActiveBehaviorAccepted:FullRangeReviewNotComplete","Положительное, отрицательное или нулевое число, которое читается и переводится в выбранные INPUT-единицы без переполнения; произвольный нормативный предел не добавлен","390 числовых вариантов всех 90 полей, 24 комбинации INPUT units/signs, независимые внутренние компоненты и PhiL, comments actual writers. Полный континуум, другие нормативные ветви и остальные взаимодействия Config этим срезом не закрываются",
"rngStabilityDurationLoads.Slot29.My, tf*m","rngStabilityDurationLoads.Slot29.My","rngStabilityDurationLoads","Config!S66","UserInput","Optional signed numeric load","User load units / ID / path / profile / comment","N*mm","PendingCatalogMapping","Новая таблица содержит 0; пустое числовое поле или отсутствующий ID означают 0. Непрочитанная таблица и ошибочный ввод не подменяются нулями","Назначенный LC с Calculation.Stability.Enabled=Yes и совпадающим Combination ID; для повторного ID используется первая строка","modWorkbookCalculation workbook-reader -> CUnitSystem -> CBatchSectionCalculator -> CStabilityCalculator/CStabilityResult -> canonical meta/summary writers; другие проверки продолжаются, writer не решает State","Реальные внутренние My длительной части, коэффициент PhiL2 существующей ветви SP63, фактические численные ячейки и ResultComment соответствующих writers","modTestProfileConfig.RunAudit03DurationConfigTests","docs/regression/Audit03/duration_v178_2026-10-03.txt; docs/regression/Audit03/full_off_duration_v179_2026-10-03.txt; docs/regression/Audit03/full_on_duration_v179_2026-10-03.txt","ActiveBehaviorAccepted:FullRangeReviewNotComplete","Положительное, отрицательное или нулевое число, которое читается и переводится в выбранные INPUT-единицы без переполнения; произвольный нормативный предел не добавлен","390 числовых вариантов всех 90 полей, 24 комбинации INPUT units/signs, независимые внутренние компоненты и PhiL, comments actual writers. Полный континуум, другие нормативные ветви и остальные взаимодействия Config этим срезом не закрываются",
"rngStabilityDurationLoads.Slot30.LC",,"rngStabilityDurationLoads","Config!P67","DerivedFormula","Formula","User load units / ID / path / profile / comment","PendingPerFieldReview","PendingCatalogMapping","PendingCallSiteReview","Requested source LC slot; gaps and IDs preserved","modWorkbookCalculation.LoadStabilityDurationLoadsFromWorkbook -> CBatchSectionCalculator -> CStabilityCalculator","PendingDirectedBehaviorTest","NotRun","NotRun","Inventoried:BehaviorNotAccepted",,,
"rngStabilityDurationLoads.Slot30.N, tf","rngStabilityDurationLoads.Slot30.N","rngStabilityDurationLoads","Config!Q67","UserInput","Optional signed numeric load","User load units / ID / path / profile / comment","N","PendingCatalogMapping","Новая таблица содержит 0; пустое числовое поле или отсутствующий ID означают 0. Непрочитанная таблица и ошибочный ввод не подменяются нулями","Назначенный LC с Calculation.Stability.Enabled=Yes и совпадающим Combination ID; для повторного ID используется первая строка","modWorkbookCalculation workbook-reader -> CUnitSystem -> CBatchSectionCalculator -> CStabilityCalculator/CStabilityResult -> canonical meta/summary writers; другие проверки продолжаются, writer не решает State","Реальные внутренние N длительной части, коэффициент PhiL1 существующей ветви SP63, фактические численные ячейки и ResultComment соответствующих writers","modTestProfileConfig.RunAudit03DurationConfigTests","docs/regression/Audit03/duration_v178_2026-10-03.txt; docs/regression/Audit03/full_off_duration_v179_2026-10-03.txt; docs/regression/Audit03/full_on_duration_v179_2026-10-03.txt","ActiveBehaviorAccepted:FullRangeReviewNotComplete","Положительное, отрицательное или нулевое число, которое читается и переводится в выбранные INPUT-единицы без переполнения; произвольный нормативный предел не добавлен","390 числовых вариантов всех 90 полей, 24 комбинации INPUT units/signs, независимые внутренние компоненты и PhiL, comments actual writers. Полный континуум, другие нормативные ветви и остальные взаимодействия Config этим срезом не закрываются",
"rngStabilityDurationLoads.Slot30.Mx, tf*m","rngStabilityDurationLoads.Slot30.Mx","rngStabilityDurationLoads","Config!R67","UserInput","Optional signed numeric load","User load units / ID / path / profile / comment","N*mm","PendingCatalogMapping","Новая таблица содержит 0; пустое числовое поле или отсутствующий ID означают 0. Непрочитанная таблица и ошибочный ввод не подменяются нулями","Назначенный LC с Calculation.Stability.Enabled=Yes и совпадающим Combination ID; для повторного ID используется первая строка","modWorkbookCalculation workbook-reader -> CUnitSystem -> CBatchSectionCalculator -> CStabilityCalculator/CStabilityResult -> canonical meta/summary writers; другие проверки продолжаются, writer не решает State","Реальные внутренние Mx длительной части, коэффициент PhiL1 существующей ветви SP63, фактические численные ячейки и ResultComment соответствующих writers","modTestProfileConfig.RunAudit03DurationConfigTests","docs/regression/Audit03/duration_v178_2026-10-03.txt; docs/regression/Audit03/full_off_duration_v179_2026-10-03.txt; docs/regression/Audit03/full_on_duration_v179_2026-10-03.txt","ActiveBehaviorAccepted:FullRangeReviewNotComplete","Положительное, отрицательное или нулевое число, которое читается и переводится в выбранные INPUT-единицы без переполнения; произвольный нормативный предел не добавлен","390 числовых вариантов всех 90 полей, 24 комбинации INPUT units/signs, независимые внутренние компоненты и PhiL, comments actual writers. Полный континуум, другие нормативные ветви и остальные взаимодействия Config этим срезом не закрываются",
"rngStabilityDurationLoads.Slot30.My, tf*m","rngStabilityDurationLoads.Slot30.My","rngStabilityDurationLoads","Config!S67","UserInput","Optional signed numeric load","User load units / ID / path / profile / comment","N*mm","PendingCatalogMapping","Новая таблица содержит 0; пустое числовое поле или отсутствующий ID означают 0. Непрочитанная таблица и ошибочный ввод не подменяются нулями","Назначенный LC с Calculation.Stability.Enabled=Yes и совпадающим Combination ID; для повторного ID используется первая строка","modWorkbookCalculation workbook-reader -> CUnitSystem -> CBatchSectionCalculator -> CStabilityCalculator/CStabilityResult -> canonical meta/summary writers; другие проверки продолжаются, writer не решает State","Реальные внутренние My длительной части, коэффициент PhiL2 существующей ветви SP63, фактические численные ячейки и ResultComment соответствующих writers","modTestProfileConfig.RunAudit03DurationConfigTests","docs/regression/Audit03/duration_v178_2026-10-03.txt; docs/regression/Audit03/full_off_duration_v179_2026-10-03.txt; docs/regression/Audit03/full_on_duration_v179_2026-10-03.txt","ActiveBehaviorAccepted:FullRangeReviewNotComplete","Положительное, отрицательное или нулевое число, которое читается и переводится в выбранные INPUT-единицы без переполнения; произвольный нормативный предел не добавлен","390 числовых вариантов всех 90 полей, 24 комбинации INPUT units/signs, независимые внутренние компоненты и PhiL, comments actual writers. Полный континуум, другие нормативные ветви и остальные взаимодействия Config этим срезом не закрываются",
"SP35.Table721.AI61",,"rngSP35Table721","Config!AI61","NormativeTableValue","TextOrNumber:PendingContractReview","-","PendingPerFieldReview","PendingCatalogMapping","PendingCallSiteReview","SP35 table branch; normative values, no arbitrary calibration","modWorkbookCalculation.ReadSP35Table721FromWorkbook -> CBatchSectionCalculator -> CStabilityCalculator table interpolation","PendingDirectedBehaviorTest","NotRun","NotRun","Inventoried:BehaviorNotAccepted",,,
"SP35.Table721.AJ61",,"rngSP35Table721","Config!AJ61","NormativeTableValue","TextOrNumber:PendingContractReview","-","PendingPerFieldReview","PendingCatalogMapping","PendingCallSiteReview","SP35 table branch; normative values, no arbitrary calibration","modWorkbookCalculation.ReadSP35Table721FromWorkbook -> CBatchSectionCalculator -> CStabilityCalculator table interpolation","PendingDirectedBehaviorTest","NotRun","NotRun","Inventoried:BehaviorNotAccepted",,,
"SP35.Table721.AK61",,"rngSP35Table721","Config!AK61","NormativeTableValue","TextOrNumber:PendingContractReview","-","PendingPerFieldReview","PendingCatalogMapping","PendingCallSiteReview","SP35 table branch; normative values, no arbitrary calibration","modWorkbookCalculation.ReadSP35Table721FromWorkbook -> CBatchSectionCalculator -> CStabilityCalculator table interpolation","PendingDirectedBehaviorTest","NotRun","NotRun","Inventoried:BehaviorNotAccepted",,,
"SP35.Table721.AL61",,"rngSP35Table721","Config!AL61","NormativeTableValue","TextOrNumber:PendingContractReview","-","PendingPerFieldReview","PendingCatalogMapping","PendingCallSiteReview","SP35 table branch; normative values, no arbitrary calibration","modWorkbookCalculation.ReadSP35Table721FromWorkbook -> CBatchSectionCalculator -> CStabilityCalculator table interpolation","PendingDirectedBehaviorTest","NotRun","NotRun","Inventoried:BehaviorNotAccepted",,,
"SP35.Table721.AM61",,"rngSP35Table721","Config!AM61","NormativeTableValue","TextOrNumber:PendingContractReview","-","PendingPerFieldReview","PendingCatalogMapping","PendingCallSiteReview","SP35 table branch; normative values, no arbitrary calibration","modWorkbookCalculation.ReadSP35Table721FromWorkbook -> CBatchSectionCalculator -> CStabilityCalculator table interpolation","PendingDirectedBehaviorTest","NotRun","NotRun","Inventoried:BehaviorNotAccepted",,,
"SP35.Table721.AN61",,"rngSP35Table721","Config!AN61","NormativeTableValue","TextOrNumber:PendingContractReview","-","PendingPerFieldReview","PendingCatalogMapping","PendingCallSiteReview","SP35 table branch; normative values, no arbitrary calibration","modWorkbookCalculation.ReadSP35Table721FromWorkbook -> CBatchSectionCalculator -> CStabilityCalculator table interpolation","PendingDirectedBehaviorTest","NotRun","NotRun","Inventoried:BehaviorNotAccepted",,,
"SP35.Table721.AO61",,"rngSP35Table721","Config!AO61","NormativeTableValue","TextOrNumber:PendingContractReview","-","PendingPerFieldReview","PendingCatalogMapping","PendingCallSiteReview","SP35 table branch; normative values, no arbitrary calibration","modWorkbookCalculation.ReadSP35Table721FromWorkbook -> CBatchSectionCalculator -> CStabilityCalculator table interpolation","PendingDirectedBehaviorTest","NotRun","NotRun","Inventoried:BehaviorNotAccepted",,,
"SP35.Table721.AP61",,"rngSP35Table721","Config!AP61","NormativeTableValue","TextOrNumber:PendingContractReview","-","PendingPerFieldReview","PendingCatalogMapping","PendingCallSiteReview","SP35 table branch; normative values, no arbitrary calibration","modWorkbookCalculation.ReadSP35Table721FromWorkbook -> CBatchSectionCalculator -> CStabilityCalculator table interpolation","PendingDirectedBehaviorTest","NotRun","NotRun","Inventoried:BehaviorNotAccepted",,,
"SP35.Table721.AI62",,"rngSP35Table721","Config!AI62","NormativeTableValue","TextOrNumber:PendingContractReview","-","PendingPerFieldReview","PendingCatalogMapping","PendingCallSiteReview","SP35 table branch; normative values, no arbitrary calibration","modWorkbookCalculation.ReadSP35Table721FromWorkbook -> CBatchSectionCalculator -> CStabilityCalculator table interpolation","PendingDirectedBehaviorTest","NotRun","NotRun","Inventoried:BehaviorNotAccepted",,,
"SP35.Table721.AJ62",,"rngSP35Table721","Config!AJ62","NormativeTableValue","TextOrNumber:PendingContractReview","-","PendingPerFieldReview","PendingCatalogMapping","PendingCallSiteReview","SP35 table branch; normative values, no arbitrary calibration","modWorkbookCalculation.ReadSP35Table721FromWorkbook -> CBatchSectionCalculator -> CStabilityCalculator table interpolation","PendingDirectedBehaviorTest","NotRun","NotRun","Inventoried:BehaviorNotAccepted",,,
"SP35.Table721.AK62",,"rngSP35Table721","Config!AK62","NormativeTableValue","TextOrNumber:PendingContractReview","-","PendingPerFieldReview","PendingCatalogMapping","PendingCallSiteReview","SP35 table branch; normative values, no arbitrary calibration","modWorkbookCalculation.ReadSP35Table721FromWorkbook -> CBatchSectionCalculator -> CStabilityCalculator table interpolation","PendingDirectedBehaviorTest","NotRun","NotRun","Inventoried:BehaviorNotAccepted",,,
"SP35.Table721.AL62",,"rngSP35Table721","Config!AL62","NormativeTableValue","TextOrNumber:PendingContractReview","-","PendingPerFieldReview","PendingCatalogMapping","PendingCallSiteReview","SP35 table branch; normative values, no arbitrary calibration","modWorkbookCalculation.ReadSP35Table721FromWorkbook -> CBatchSectionCalculator -> CStabilityCalculator table interpolation","PendingDirectedBehaviorTest","NotRun","NotRun","Inventoried:BehaviorNotAccepted",,,
"SP35.Table721.AM62",,"rngSP35Table721","Config!AM62","NormativeTableValue","TextOrNumber:PendingContractReview","-","PendingPerFieldReview","PendingCatalogMapping","PendingCallSiteReview","SP35 table branch; normative values, no arbitrary calibration","modWorkbookCalculation.ReadSP35Table721FromWorkbook -> CBatchSectionCalculator -> CStabilityCalculator table interpolation","PendingDirectedBehaviorTest","NotRun","NotRun","Inventoried:BehaviorNotAccepted",,,
"SP35.Table721.AN62",,"rngSP35Table721","Config!AN62","NormativeTableValue","TextOrNumber:PendingContractReview","-","PendingPerFieldReview","PendingCatalogMapping","PendingCallSiteReview","SP35 table branch; normative values, no arbitrary calibration","modWorkbookCalculation.ReadSP35Table721FromWorkbook -> CBatchSectionCalculator -> CStabilityCalculator table interpolation","PendingDirectedBehaviorTest","NotRun","NotRun","Inventoried:BehaviorNotAccepted",,,
"SP35.Table721.AO62",,"rngSP35Table721","Config!AO62","NormativeTableValue","TextOrNumber:PendingContractReview","-","PendingPerFieldReview","PendingCatalogMapping","PendingCallSiteReview","SP35 table branch; normative values, no arbitrary calibration","modWorkbookCalculation.ReadSP35Table721FromWorkbook -> CBatchSectionCalculator -> CStabilityCalculator table interpolation","PendingDirectedBehaviorTest","NotRun","NotRun","Inventoried:BehaviorNotAccepted",,,
"SP35.Table721.AP62",,"rngSP35Table721","Config!AP62","NormativeTableValue","TextOrNumber:PendingContractReview","-","PendingPerFieldReview","PendingCatalogMapping","PendingCallSiteReview","SP35 table branch; normative values, no arbitrary calibration","modWorkbookCalculation.ReadSP35Table721FromWorkbook -> CBatchSectionCalculator -> CStabilityCalculator table interpolation","PendingDirectedBehaviorTest","NotRun","NotRun","Inventoried:BehaviorNotAccepted",,,
"SP35.Table721.AI63",,"rngSP35Table721","Config!AI63","NormativeTableValue","TextOrNumber:PendingContractReview","-","PendingPerFieldReview","PendingCatalogMapping","PendingCallSiteReview","SP35 table branch; normative values, no arbitrary calibration","modWorkbookCalculation.ReadSP35Table721FromWorkbook -> CBatchSectionCalculator -> CStabilityCalculator table interpolation","PendingDirectedBehaviorTest","NotRun","NotRun","Inventoried:BehaviorNotAccepted",,,
"SP35.Table721.AJ63",,"rngSP35Table721","Config!AJ63","NormativeTableValue","TextOrNumber:PendingContractReview","-","PendingPerFieldReview","PendingCatalogMapping","PendingCallSiteReview","SP35 table branch; normative values, no arbitrary calibration","modWorkbookCalculation.ReadSP35Table721FromWorkbook -> CBatchSectionCalculator -> CStabilityCalculator table interpolation","PendingDirectedBehaviorTest","NotRun","NotRun","Inventoried:BehaviorNotAccepted",,,
"SP35.Table721.AK63",,"rngSP35Table721","Config!AK63","NormativeTableValue","TextOrNumber:PendingContractReview","-","PendingPerFieldReview","PendingCatalogMapping","PendingCallSiteReview","SP35 table branch; normative values, no arbitrary calibration","modWorkbookCalculation.ReadSP35Table721FromWorkbook -> CBatchSectionCalculator -> CStabilityCalculator table interpolation","PendingDirectedBehaviorTest","NotRun","NotRun","Inventoried:BehaviorNotAccepted",,,
"SP35.Table721.AL63",,"rngSP35Table721","Config!AL63","NormativeTableValue","TextOrNumber:PendingContractReview","-","PendingPerFieldReview","PendingCatalogMapping","PendingCallSiteReview","SP35 table branch; normative values, no arbitrary calibration","modWorkbookCalculation.ReadSP35Table721FromWorkbook -> CBatchSectionCalculator -> CStabilityCalculator table interpolation","PendingDirectedBehaviorTest","NotRun","NotRun","Inventoried:BehaviorNotAccepted",,,
"SP35.Table721.AM63",,"rngSP35Table721","Config!AM63","NormativeTableValue","TextOrNumber:PendingContractReview","-","PendingPerFieldReview","PendingCatalogMapping","PendingCallSiteReview","SP35 table branch; normative values, no arbitrary calibration","modWorkbookCalculation.ReadSP35Table721FromWorkbook -> CBatchSectionCalculator -> CStabilityCalculator table interpolation","PendingDirectedBehaviorTest","NotRun","NotRun","Inventoried:BehaviorNotAccepted",,,
"SP35.Table721.AN63",,"rngSP35Table721","Config!AN63","NormativeTableValue","TextOrNumber:PendingContractReview","-","PendingPerFieldReview","PendingCatalogMapping","PendingCallSiteReview","SP35 table branch; normative values, no arbitrary calibration","modWorkbookCalculation.ReadSP35Table721FromWorkbook -> CBatchSectionCalculator -> CStabilityCalculator table interpolation","PendingDirectedBehaviorTest","NotRun","NotRun","Inventoried:BehaviorNotAccepted",,,
"SP35.Table721.AO63",,"rngSP35Table721","Config!AO63","NormativeTableValue","TextOrNumber:PendingContractReview","-","PendingPerFieldReview","PendingCatalogMapping","PendingCallSiteReview","SP35 table branch; normative values, no arbitrary calibration","modWorkbookCalculation.ReadSP35Table721FromWorkbook -> CBatchSectionCalculator -> CStabilityCalculator table interpolation","PendingDirectedBehaviorTest","NotRun","NotRun","Inventoried:BehaviorNotAccepted",,,
"SP35.Table721.AP63",,"rngSP35Table721","Config!AP63","NormativeTableValue","TextOrNumber:PendingContractReview","-","PendingPerFieldReview","PendingCatalogMapping","PendingCallSiteReview","SP35 table branch; normative values, no arbitrary calibration","modWorkbookCalculation.ReadSP35Table721FromWorkbook -> CBatchSectionCalculator -> CStabilityCalculator table interpolation","PendingDirectedBehaviorTest","NotRun","NotRun","Inventoried:BehaviorNotAccepted",,,
"SP35.Table721.AI64",,"rngSP35Table721","Config!AI64","NormativeTableValue","TextOrNumber:PendingContractReview","-","PendingPerFieldReview","PendingCatalogMapping","PendingCallSiteReview","SP35 table branch; normative values, no arbitrary calibration","modWorkbookCalculation.ReadSP35Table721FromWorkbook -> CBatchSectionCalculator -> CStabilityCalculator table interpolation","PendingDirectedBehaviorTest","NotRun","NotRun","Inventoried:BehaviorNotAccepted",,,
"SP35.Table721.AJ64",,"rngSP35Table721","Config!AJ64","NormativeTableValue","TextOrNumber:PendingContractReview","-","PendingPerFieldReview","PendingCatalogMapping","PendingCallSiteReview","SP35 table branch; normative values, no arbitrary calibration","modWorkbookCalculation.ReadSP35Table721FromWorkbook -> CBatchSectionCalculator -> CStabilityCalculator table interpolation","PendingDirectedBehaviorTest","NotRun","NotRun","Inventoried:BehaviorNotAccepted",,,
"SP35.Table721.AK64",,"rngSP35Table721","Config!AK64","NormativeTableValue","TextOrNumber:PendingContractReview","-","PendingPerFieldReview","PendingCatalogMapping","PendingCallSiteReview","SP35 table branch; normative values, no arbitrary calibration","modWorkbookCalculation.ReadSP35Table721FromWorkbook -> CBatchSectionCalculator -> CStabilityCalculator table interpolation","PendingDirectedBehaviorTest","NotRun","NotRun","Inventoried:BehaviorNotAccepted",,,
"SP35.Table721.AL64",,"rngSP35Table721","Config!AL64","NormativeTableValue","TextOrNumber:PendingContractReview","-","PendingPerFieldReview","PendingCatalogMapping","PendingCallSiteReview","SP35 table branch; normative values, no arbitrary calibration","modWorkbookCalculation.ReadSP35Table721FromWorkbook -> CBatchSectionCalculator -> CStabilityCalculator table interpolation","PendingDirectedBehaviorTest","NotRun","NotRun","Inventoried:BehaviorNotAccepted",,,
"SP35.Table721.AM64",,"rngSP35Table721","Config!AM64","NormativeTableValue","TextOrNumber:PendingContractReview","-","PendingPerFieldReview","PendingCatalogMapping","PendingCallSiteReview","SP35 table branch; normative values, no arbitrary calibration","modWorkbookCalculation.ReadSP35Table721FromWorkbook -> CBatchSectionCalculator -> CStabilityCalculator table interpolation","PendingDirectedBehaviorTest","NotRun","NotRun","Inventoried:BehaviorNotAccepted",,,
"SP35.Table721.AN64",,"rngSP35Table721","Config!AN64","NormativeTableValue","TextOrNumber:PendingContractReview","-","PendingPerFieldReview","PendingCatalogMapping","PendingCallSiteReview","SP35 table branch; normative values, no arbitrary calibration","modWorkbookCalculation.ReadSP35Table721FromWorkbook -> CBatchSectionCalculator -> CStabilityCalculator table interpolation","PendingDirectedBehaviorTest","NotRun","NotRun","Inventoried:BehaviorNotAccepted",,,
"SP35.Table721.AO64",,"rngSP35Table721","Config!AO64","NormativeTableValue","TextOrNumber:PendingContractReview","-","PendingPerFieldReview","PendingCatalogMapping","PendingCallSiteReview","SP35 table branch; normative values, no arbitrary calibration","modWorkbookCalculation.ReadSP35Table721FromWorkbook -> CBatchSectionCalculator -> CStabilityCalculator table interpolation","PendingDirectedBehaviorTest","NotRun","NotRun","Inventoried:BehaviorNotAccepted",,,
"SP35.Table721.AP64",,"rngSP35Table721","Config!AP64","NormativeTableValue","TextOrNumber:PendingContractReview","-","PendingPerFieldReview","PendingCatalogMapping","PendingCallSiteReview","SP35 table branch; normative values, no arbitrary calibration","modWorkbookCalculation.ReadSP35Table721FromWorkbook -> CBatchSectionCalculator -> CStabilityCalculator table interpolation","PendingDirectedBehaviorTest","NotRun","NotRun","Inventoried:BehaviorNotAccepted",,,
"SP35.Table721.AI65",,"rngSP35Table721","Config!AI65","NormativeTableValue","TextOrNumber:PendingContractReview","-","PendingPerFieldReview","PendingCatalogMapping","PendingCallSiteReview","SP35 table branch; normative values, no arbitrary calibration","modWorkbookCalculation.ReadSP35Table721FromWorkbook -> CBatchSectionCalculator -> CStabilityCalculator table interpolation","PendingDirectedBehaviorTest","NotRun","NotRun","Inventoried:BehaviorNotAccepted",,,
"SP35.Table721.AJ65",,"rngSP35Table721","Config!AJ65","NormativeTableValue","TextOrNumber:PendingContractReview","-","PendingPerFieldReview","PendingCatalogMapping","PendingCallSiteReview","SP35 table branch; normative values, no arbitrary calibration","modWorkbookCalculation.ReadSP35Table721FromWorkbook -> CBatchSectionCalculator -> CStabilityCalculator table interpolation","PendingDirectedBehaviorTest","NotRun","NotRun","Inventoried:BehaviorNotAccepted",,,
"SP35.Table721.AK65",,"rngSP35Table721","Config!AK65","NormativeTableValue","TextOrNumber:PendingContractReview","-","PendingPerFieldReview","PendingCatalogMapping","PendingCallSiteReview","SP35 table branch; normative values, no arbitrary calibration","modWorkbookCalculation.ReadSP35Table721FromWorkbook -> CBatchSectionCalculator -> CStabilityCalculator table interpolation","PendingDirectedBehaviorTest","NotRun","NotRun","Inventoried:BehaviorNotAccepted",,,
"SP35.Table721.AL65",,"rngSP35Table721","Config!AL65","NormativeTableValue","TextOrNumber:PendingContractReview","-","PendingPerFieldReview","PendingCatalogMapping","PendingCallSiteReview","SP35 table branch; normative values, no arbitrary calibration","modWorkbookCalculation.ReadSP35Table721FromWorkbook -> CBatchSectionCalculator -> CStabilityCalculator table interpolation","PendingDirectedBehaviorTest","NotRun","NotRun","Inventoried:BehaviorNotAccepted",,,
"SP35.Table721.AM65",,"rngSP35Table721","Config!AM65","NormativeTableValue","TextOrNumber:PendingContractReview","-","PendingPerFieldReview","PendingCatalogMapping","PendingCallSiteReview","SP35 table branch; normative values, no arbitrary calibration","modWorkbookCalculation.ReadSP35Table721FromWorkbook -> CBatchSectionCalculator -> CStabilityCalculator table interpolation","PendingDirectedBehaviorTest","NotRun","NotRun","Inventoried:BehaviorNotAccepted",,,
"SP35.Table721.AN65",,"rngSP35Table721","Config!AN65","NormativeTableValue","TextOrNumber:PendingContractReview","-","PendingPerFieldReview","PendingCatalogMapping","PendingCallSiteReview","SP35 table branch; normative values, no arbitrary calibration","modWorkbookCalculation.ReadSP35Table721FromWorkbook -> CBatchSectionCalculator -> CStabilityCalculator table interpolation","PendingDirectedBehaviorTest","NotRun","NotRun","Inventoried:BehaviorNotAccepted",,,
"SP35.Table721.AO65",,"rngSP35Table721","Config!AO65","NormativeTableValue","TextOrNumber:PendingContractReview","-","PendingPerFieldReview","PendingCatalogMapping","PendingCallSiteReview","SP35 table branch; normative values, no arbitrary calibration","modWorkbookCalculation.ReadSP35Table721FromWorkbook -> CBatchSectionCalculator -> CStabilityCalculator table interpolation","PendingDirectedBehaviorTest","NotRun","NotRun","Inventoried:BehaviorNotAccepted",,,
"SP35.Table721.AP65",,"rngSP35Table721","Config!AP65","NormativeTableValue","TextOrNumber:PendingContractReview","-","PendingPerFieldReview","PendingCatalogMapping","PendingCallSiteReview","SP35 table branch; normative values, no arbitrary calibration","modWorkbookCalculation.ReadSP35Table721FromWorkbook -> CBatchSectionCalculator -> CStabilityCalculator table interpolation","PendingDirectedBehaviorTest","NotRun","NotRun","Inventoried:BehaviorNotAccepted",,,
"SP35.Table721.AI66",,"rngSP35Table721","Config!AI66","NormativeTableValue","TextOrNumber:PendingContractReview","-","PendingPerFieldReview","PendingCatalogMapping","PendingCallSiteReview","SP35 table branch; normative values, no arbitrary calibration","modWorkbookCalculation.ReadSP35Table721FromWorkbook -> CBatchSectionCalculator -> CStabilityCalculator table interpolation","PendingDirectedBehaviorTest","NotRun","NotRun","Inventoried:BehaviorNotAccepted",,,
"SP35.Table721.AJ66",,"rngSP35Table721","Config!AJ66","NormativeTableValue","TextOrNumber:PendingContractReview","-","PendingPerFieldReview","PendingCatalogMapping","PendingCallSiteReview","SP35 table branch; normative values, no arbitrary calibration","modWorkbookCalculation.ReadSP35Table721FromWorkbook -> CBatchSectionCalculator -> CStabilityCalculator table interpolation","PendingDirectedBehaviorTest","NotRun","NotRun","Inventoried:BehaviorNotAccepted",,,
"SP35.Table721.AK66",,"rngSP35Table721","Config!AK66","NormativeTableValue","TextOrNumber:PendingContractReview","-","PendingPerFieldReview","PendingCatalogMapping","PendingCallSiteReview","SP35 table branch; normative values, no arbitrary calibration","modWorkbookCalculation.ReadSP35Table721FromWorkbook -> CBatchSectionCalculator -> CStabilityCalculator table interpolation","PendingDirectedBehaviorTest","NotRun","NotRun","Inventoried:BehaviorNotAccepted",,,
"SP35.Table721.AL66",,"rngSP35Table721","Config!AL66","NormativeTableValue","TextOrNumber:PendingContractReview","-","PendingPerFieldReview","PendingCatalogMapping","PendingCallSiteReview","SP35 table branch; normative values, no arbitrary calibration","modWorkbookCalculation.ReadSP35Table721FromWorkbook -> CBatchSectionCalculator -> CStabilityCalculator table interpolation","PendingDirectedBehaviorTest","NotRun","NotRun","Inventoried:BehaviorNotAccepted",,,
"SP35.Table721.AM66",,"rngSP35Table721","Config!AM66","NormativeTableValue","TextOrNumber:PendingContractReview","-","PendingPerFieldReview","PendingCatalogMapping","PendingCallSiteReview","SP35 table branch; normative values, no arbitrary calibration","modWorkbookCalculation.ReadSP35Table721FromWorkbook -> CBatchSectionCalculator -> CStabilityCalculator table interpolation","PendingDirectedBehaviorTest","NotRun","NotRun","Inventoried:BehaviorNotAccepted",,,
"SP35.Table721.AN66",,"rngSP35Table721","Config!AN66","NormativeTableValue","TextOrNumber:PendingContractReview","-","PendingPerFieldReview","PendingCatalogMapping","PendingCallSiteReview","SP35 table branch; normative values, no arbitrary calibration","modWorkbookCalculation.ReadSP35Table721FromWorkbook -> CBatchSectionCalculator -> CStabilityCalculator table interpolation","PendingDirectedBehaviorTest","NotRun","NotRun","Inventoried:BehaviorNotAccepted",,,
"SP35.Table721.AO66",,"rngSP35Table721","Config!AO66","NormativeTableValue","TextOrNumber:PendingContractReview","-","PendingPerFieldReview","PendingCatalogMapping","PendingCallSiteReview","SP35 table branch; normative values, no arbitrary calibration","modWorkbookCalculation.ReadSP35Table721FromWorkbook -> CBatchSectionCalculator -> CStabilityCalculator table interpolation","PendingDirectedBehaviorTest","NotRun","NotRun","Inventoried:BehaviorNotAccepted",,,
"SP35.Table721.AP66",,"rngSP35Table721","Config!AP66","NormativeTableValue","TextOrNumber:PendingContractReview","-","PendingPerFieldReview","PendingCatalogMapping","PendingCallSiteReview","SP35 table branch; normative values, no arbitrary calibration","modWorkbookCalculation.ReadSP35Table721FromWorkbook -> CBatchSectionCalculator -> CStabilityCalculator table interpolation","PendingDirectedBehaviorTest","NotRun","NotRun","Inventoried:BehaviorNotAccepted",,,
"SP35.Table721.AI67",,"rngSP35Table721","Config!AI67","NormativeTableValue","TextOrNumber:PendingContractReview","-","PendingPerFieldReview","PendingCatalogMapping","PendingCallSiteReview","SP35 table branch; normative values, no arbitrary calibration","modWorkbookCalculation.ReadSP35Table721FromWorkbook -> CBatchSectionCalculator -> CStabilityCalculator table interpolation","PendingDirectedBehaviorTest","NotRun","NotRun","Inventoried:BehaviorNotAccepted",,,
"SP35.Table721.AJ67",,"rngSP35Table721","Config!AJ67","NormativeTableValue","TextOrNumber:PendingContractReview","-","PendingPerFieldReview","PendingCatalogMapping","PendingCallSiteReview","SP35 table branch; normative values, no arbitrary calibration","modWorkbookCalculation.ReadSP35Table721FromWorkbook -> CBatchSectionCalculator -> CStabilityCalculator table interpolation","PendingDirectedBehaviorTest","NotRun","NotRun","Inventoried:BehaviorNotAccepted",,,
"SP35.Table721.AK67",,"rngSP35Table721","Config!AK67","NormativeTableValue","TextOrNumber:PendingContractReview","-","PendingPerFieldReview","PendingCatalogMapping","PendingCallSiteReview","SP35 table branch; normative values, no arbitrary calibration","modWorkbookCalculation.ReadSP35Table721FromWorkbook -> CBatchSectionCalculator -> CStabilityCalculator table interpolation","PendingDirectedBehaviorTest","NotRun","NotRun","Inventoried:BehaviorNotAccepted",,,
"SP35.Table721.AL67",,"rngSP35Table721","Config!AL67","NormativeTableValue","TextOrNumber:PendingContractReview","-","PendingPerFieldReview","PendingCatalogMapping","PendingCallSiteReview","SP35 table branch; normative values, no arbitrary calibration","modWorkbookCalculation.ReadSP35Table721FromWorkbook -> CBatchSectionCalculator -> CStabilityCalculator table interpolation","PendingDirectedBehaviorTest","NotRun","NotRun","Inventoried:BehaviorNotAccepted",,,
"SP35.Table721.AM67",,"rngSP35Table721","Config!AM67","NormativeTableValue","TextOrNumber:PendingContractReview","-","PendingPerFieldReview","PendingCatalogMapping","PendingCallSiteReview","SP35 table branch; normative values, no arbitrary calibration","modWorkbookCalculation.ReadSP35Table721FromWorkbook -> CBatchSectionCalculator -> CStabilityCalculator table interpolation","PendingDirectedBehaviorTest","NotRun","NotRun","Inventoried:BehaviorNotAccepted",,,
"SP35.Table721.AN67",,"rngSP35Table721","Config!AN67","NormativeTableValue","TextOrNumber:PendingContractReview","-","PendingPerFieldReview","PendingCatalogMapping","PendingCallSiteReview","SP35 table branch; normative values, no arbitrary calibration","modWorkbookCalculation.ReadSP35Table721FromWorkbook -> CBatchSectionCalculator -> CStabilityCalculator table interpolation","PendingDirectedBehaviorTest","NotRun","NotRun","Inventoried:BehaviorNotAccepted",,,
"SP35.Table721.AO67",,"rngSP35Table721","Config!AO67","NormativeTableValue","TextOrNumber:PendingContractReview","-","PendingPerFieldReview","PendingCatalogMapping","PendingCallSiteReview","SP35 table branch; normative values, no arbitrary calibration","modWorkbookCalculation.ReadSP35Table721FromWorkbook -> CBatchSectionCalculator -> CStabilityCalculator table interpolation","PendingDirectedBehaviorTest","NotRun","NotRun","Inventoried:BehaviorNotAccepted",,,
"SP35.Table721.AP67",,"rngSP35Table721","Config!AP67","NormativeTableValue","TextOrNumber:PendingContractReview","-","PendingPerFieldReview","PendingCatalogMapping","PendingCallSiteReview","SP35 table branch; normative values, no arbitrary calibration","modWorkbookCalculation.ReadSP35Table721FromWorkbook -> CBatchSectionCalculator -> CStabilityCalculator table interpolation","PendingDirectedBehaviorTest","NotRun","NotRun","Inventoried:BehaviorNotAccepted",,,
"SP35.Table721.AI68",,"rngSP35Table721","Config!AI68","NormativeTableValue","TextOrNumber:PendingContractReview","-","PendingPerFieldReview","PendingCatalogMapping","PendingCallSiteReview","SP35 table branch; normative values, no arbitrary calibration","modWorkbookCalculation.ReadSP35Table721FromWorkbook -> CBatchSectionCalculator -> CStabilityCalculator table interpolation","PendingDirectedBehaviorTest","NotRun","NotRun","Inventoried:BehaviorNotAccepted",,,
"SP35.Table721.AJ68",,"rngSP35Table721","Config!AJ68","NormativeTableValue","TextOrNumber:PendingContractReview","-","PendingPerFieldReview","PendingCatalogMapping","PendingCallSiteReview","SP35 table branch; normative values, no arbitrary calibration","modWorkbookCalculation.ReadSP35Table721FromWorkbook -> CBatchSectionCalculator -> CStabilityCalculator table interpolation","PendingDirectedBehaviorTest","NotRun","NotRun","Inventoried:BehaviorNotAccepted",,,
"SP35.Table721.AK68",,"rngSP35Table721","Config!AK68","NormativeTableValue","TextOrNumber:PendingContractReview","-","PendingPerFieldReview","PendingCatalogMapping","PendingCallSiteReview","SP35 table branch; normative values, no arbitrary calibration","modWorkbookCalculation.ReadSP35Table721FromWorkbook -> CBatchSectionCalculator -> CStabilityCalculator table interpolation","PendingDirectedBehaviorTest","NotRun","NotRun","Inventoried:BehaviorNotAccepted",,,
"SP35.Table721.AL68",,"rngSP35Table721","Config!AL68","NormativeTableValue","TextOrNumber:PendingContractReview","-","PendingPerFieldReview","PendingCatalogMapping","PendingCallSiteReview","SP35 table branch; normative values, no arbitrary calibration","modWorkbookCalculation.ReadSP35Table721FromWorkbook -> CBatchSectionCalculator -> CStabilityCalculator table interpolation","PendingDirectedBehaviorTest","NotRun","NotRun","Inventoried:BehaviorNotAccepted",,,
"SP35.Table721.AM68",,"rngSP35Table721","Config!AM68","NormativeTableValue","TextOrNumber:PendingContractReview","-","PendingPerFieldReview","PendingCatalogMapping","PendingCallSiteReview","SP35 table branch; normative values, no arbitrary calibration","modWorkbookCalculation.ReadSP35Table721FromWorkbook -> CBatchSectionCalculator -> CStabilityCalculator table interpolation","PendingDirectedBehaviorTest","NotRun","NotRun","Inventoried:BehaviorNotAccepted",,,
"SP35.Table721.AN68",,"rngSP35Table721","Config!AN68","NormativeTableValue","TextOrNumber:PendingContractReview","-","PendingPerFieldReview","PendingCatalogMapping","PendingCallSiteReview","SP35 table branch; normative values, no arbitrary calibration","modWorkbookCalculation.ReadSP35Table721FromWorkbook -> CBatchSectionCalculator -> CStabilityCalculator table interpolation","PendingDirectedBehaviorTest","NotRun","NotRun","Inventoried:BehaviorNotAccepted",,,
"SP35.Table721.AO68",,"rngSP35Table721","Config!AO68","NormativeTableValue","TextOrNumber:PendingContractReview","-","PendingPerFieldReview","PendingCatalogMapping","PendingCallSiteReview","SP35 table branch; normative values, no arbitrary calibration","modWorkbookCalculation.ReadSP35Table721FromWorkbook -> CBatchSectionCalculator -> CStabilityCalculator table interpolation","PendingDirectedBehaviorTest","NotRun","NotRun","Inventoried:BehaviorNotAccepted",,,
"SP35.Table721.AP68",,"rngSP35Table721","Config!AP68","NormativeTableValue","TextOrNumber:PendingContractReview","-","PendingPerFieldReview","PendingCatalogMapping","PendingCallSiteReview","SP35 table branch; normative values, no arbitrary calibration","modWorkbookCalculation.ReadSP35Table721FromWorkbook -> CBatchSectionCalculator -> CStabilityCalculator table interpolation","PendingDirectedBehaviorTest","NotRun","NotRun","Inventoried:BehaviorNotAccepted",,,
"SP35.Table721.AI69",,"rngSP35Table721","Config!AI69","NormativeTableValue","TextOrNumber:PendingContractReview","-","PendingPerFieldReview","PendingCatalogMapping","PendingCallSiteReview","SP35 table branch; normative values, no arbitrary calibration","modWorkbookCalculation.ReadSP35Table721FromWorkbook -> CBatchSectionCalculator -> CStabilityCalculator table interpolation","PendingDirectedBehaviorTest","NotRun","NotRun","Inventoried:BehaviorNotAccepted",,,
"SP35.Table721.AJ69",,"rngSP35Table721","Config!AJ69","NormativeTableValue","TextOrNumber:PendingContractReview","-","PendingPerFieldReview","PendingCatalogMapping","PendingCallSiteReview","SP35 table branch; normative values, no arbitrary calibration","modWorkbookCalculation.ReadSP35Table721FromWorkbook -> CBatchSectionCalculator -> CStabilityCalculator table interpolation","PendingDirectedBehaviorTest","NotRun","NotRun","Inventoried:BehaviorNotAccepted",,,
"SP35.Table721.AK69",,"rngSP35Table721","Config!AK69","NormativeTableValue","TextOrNumber:PendingContractReview","-","PendingPerFieldReview","PendingCatalogMapping","PendingCallSiteReview","SP35 table branch; normative values, no arbitrary calibration","modWorkbookCalculation.ReadSP35Table721FromWorkbook -> CBatchSectionCalculator -> CStabilityCalculator table interpolation","PendingDirectedBehaviorTest","NotRun","NotRun","Inventoried:BehaviorNotAccepted",,,
"SP35.Table721.AL69",,"rngSP35Table721","Config!AL69","NormativeTableValue","TextOrNumber:PendingContractReview","-","PendingPerFieldReview","PendingCatalogMapping","PendingCallSiteReview","SP35 table branch; normative values, no arbitrary calibration","modWorkbookCalculation.ReadSP35Table721FromWorkbook -> CBatchSectionCalculator -> CStabilityCalculator table interpolation","PendingDirectedBehaviorTest","NotRun","NotRun","Inventoried:BehaviorNotAccepted",,,
"SP35.Table721.AM69",,"rngSP35Table721","Config!AM69","NormativeTableValue","TextOrNumber:PendingContractReview","-","PendingPerFieldReview","PendingCatalogMapping","PendingCallSiteReview","SP35 table branch; normative values, no arbitrary calibration","modWorkbookCalculation.ReadSP35Table721FromWorkbook -> CBatchSectionCalculator -> CStabilityCalculator table interpolation","PendingDirectedBehaviorTest","NotRun","NotRun","Inventoried:BehaviorNotAccepted",,,
"SP35.Table721.AN69",,"rngSP35Table721","Config!AN69","NormativeTableValue","TextOrNumber:PendingContractReview","-","PendingPerFieldReview","PendingCatalogMapping","PendingCallSiteReview","SP35 table branch; normative values, no arbitrary calibration","modWorkbookCalculation.ReadSP35Table721FromWorkbook -> CBatchSectionCalculator -> CStabilityCalculator table interpolation","PendingDirectedBehaviorTest","NotRun","NotRun","Inventoried:BehaviorNotAccepted",,,
"SP35.Table721.AO69",,"rngSP35Table721","Config!AO69","NormativeTableValue","TextOrNumber:PendingContractReview","-","PendingPerFieldReview","PendingCatalogMapping","PendingCallSiteReview","SP35 table branch; normative values, no arbitrary calibration","modWorkbookCalculation.ReadSP35Table721FromWorkbook -> CBatchSectionCalculator -> CStabilityCalculator table interpolation","PendingDirectedBehaviorTest","NotRun","NotRun","Inventoried:BehaviorNotAccepted",,,
"SP35.Table721.AP69",,"rngSP35Table721","Config!AP69","NormativeTableValue","TextOrNumber:PendingContractReview","-","PendingPerFieldReview","PendingCatalogMapping","PendingCallSiteReview","SP35 table branch; normative values, no arbitrary calibration","modWorkbookCalculation.ReadSP35Table721FromWorkbook -> CBatchSectionCalculator -> CStabilityCalculator table interpolation","PendingDirectedBehaviorTest","NotRun","NotRun","Inventoried:BehaviorNotAccepted",,,
"SP35.Table721.AI70",,"rngSP35Table721","Config!AI70","NormativeTableValue","TextOrNumber:PendingContractReview","-","PendingPerFieldReview","PendingCatalogMapping","PendingCallSiteReview","SP35 table branch; normative values, no arbitrary calibration","modWorkbookCalculation.ReadSP35Table721FromWorkbook -> CBatchSectionCalculator -> CStabilityCalculator table interpolation","PendingDirectedBehaviorTest","NotRun","NotRun","Inventoried:BehaviorNotAccepted",,,
"SP35.Table721.AJ70",,"rngSP35Table721","Config!AJ70","NormativeTableValue","TextOrNumber:PendingContractReview","-","PendingPerFieldReview","PendingCatalogMapping","PendingCallSiteReview","SP35 table branch; normative values, no arbitrary calibration","modWorkbookCalculation.ReadSP35Table721FromWorkbook -> CBatchSectionCalculator -> CStabilityCalculator table interpolation","PendingDirectedBehaviorTest","NotRun","NotRun","Inventoried:BehaviorNotAccepted",,,
"SP35.Table721.AK70",,"rngSP35Table721","Config!AK70","NormativeTableValue","TextOrNumber:PendingContractReview","-","PendingPerFieldReview","PendingCatalogMapping","PendingCallSiteReview","SP35 table branch; normative values, no arbitrary calibration","modWorkbookCalculation.ReadSP35Table721FromWorkbook -> CBatchSectionCalculator -> CStabilityCalculator table interpolation","PendingDirectedBehaviorTest","NotRun","NotRun","Inventoried:BehaviorNotAccepted",,,
"SP35.Table721.AL70",,"rngSP35Table721","Config!AL70","NormativeTableValue","TextOrNumber:PendingContractReview","-","PendingPerFieldReview","PendingCatalogMapping","PendingCallSiteReview","SP35 table branch; normative values, no arbitrary calibration","modWorkbookCalculation.ReadSP35Table721FromWorkbook -> CBatchSectionCalculator -> CStabilityCalculator table interpolation","PendingDirectedBehaviorTest","NotRun","NotRun","Inventoried:BehaviorNotAccepted",,,
"SP35.Table721.AM70",,"rngSP35Table721","Config!AM70","NormativeTableValue","TextOrNumber:PendingContractReview","-","PendingPerFieldReview","PendingCatalogMapping","PendingCallSiteReview","SP35 table branch; normative values, no arbitrary calibration","modWorkbookCalculation.ReadSP35Table721FromWorkbook -> CBatchSectionCalculator -> CStabilityCalculator table interpolation","PendingDirectedBehaviorTest","NotRun","NotRun","Inventoried:BehaviorNotAccepted",,,
"SP35.Table721.AN70",,"rngSP35Table721","Config!AN70","NormativeTableValue","TextOrNumber:PendingContractReview","-","PendingPerFieldReview","PendingCatalogMapping","PendingCallSiteReview","SP35 table branch; normative values, no arbitrary calibration","modWorkbookCalculation.ReadSP35Table721FromWorkbook -> CBatchSectionCalculator -> CStabilityCalculator table interpolation","PendingDirectedBehaviorTest","NotRun","NotRun","Inventoried:BehaviorNotAccepted",,,
"SP35.Table721.AO70",,"rngSP35Table721","Config!AO70","NormativeTableValue","TextOrNumber:PendingContractReview","-","PendingPerFieldReview","PendingCatalogMapping","PendingCallSiteReview","SP35 table branch; normative values, no arbitrary calibration","modWorkbookCalculation.ReadSP35Table721FromWorkbook -> CBatchSectionCalculator -> CStabilityCalculator table interpolation","PendingDirectedBehaviorTest","NotRun","NotRun","Inventoried:BehaviorNotAccepted",,,
"SP35.Table721.AP70",,"rngSP35Table721","Config!AP70","NormativeTableValue","TextOrNumber:PendingContractReview","-","PendingPerFieldReview","PendingCatalogMapping","PendingCallSiteReview","SP35 table branch; normative values, no arbitrary calibration","modWorkbookCalculation.ReadSP35Table721FromWorkbook -> CBatchSectionCalculator -> CStabilityCalculator table interpolation","PendingDirectedBehaviorTest","NotRun","NotRun","Inventoried:BehaviorNotAccepted",,,
"SP35.Table721.AI71",,"rngSP35Table721","Config!AI71","NormativeTableValue","TextOrNumber:PendingContractReview","-","PendingPerFieldReview","PendingCatalogMapping","PendingCallSiteReview","SP35 table branch; normative values, no arbitrary calibration","modWorkbookCalculation.ReadSP35Table721FromWorkbook -> CBatchSectionCalculator -> CStabilityCalculator table interpolation","PendingDirectedBehaviorTest","NotRun","NotRun","Inventoried:BehaviorNotAccepted",,,
"SP35.Table721.AJ71",,"rngSP35Table721","Config!AJ71","NormativeTableValue","TextOrNumber:PendingContractReview","-","PendingPerFieldReview","PendingCatalogMapping","PendingCallSiteReview","SP35 table branch; normative values, no arbitrary calibration","modWorkbookCalculation.ReadSP35Table721FromWorkbook -> CBatchSectionCalculator -> CStabilityCalculator table interpolation","PendingDirectedBehaviorTest","NotRun","NotRun","Inventoried:BehaviorNotAccepted",,,
"SP35.Table721.AK71",,"rngSP35Table721","Config!AK71","NormativeTableValue","TextOrNumber:PendingContractReview","-","PendingPerFieldReview","PendingCatalogMapping","PendingCallSiteReview","SP35 table branch; normative values, no arbitrary calibration","modWorkbookCalculation.ReadSP35Table721FromWorkbook -> CBatchSectionCalculator -> CStabilityCalculator table interpolation","PendingDirectedBehaviorTest","NotRun","NotRun","Inventoried:BehaviorNotAccepted",,,
"SP35.Table721.AL71",,"rngSP35Table721","Config!AL71","NormativeTableValue","TextOrNumber:PendingContractReview","-","PendingPerFieldReview","PendingCatalogMapping","PendingCallSiteReview","SP35 table branch; normative values, no arbitrary calibration","modWorkbookCalculation.ReadSP35Table721FromWorkbook -> CBatchSectionCalculator -> CStabilityCalculator table interpolation","PendingDirectedBehaviorTest","NotRun","NotRun","Inventoried:BehaviorNotAccepted",,,
"SP35.Table721.AM71",,"rngSP35Table721","Config!AM71","NormativeTableValue","TextOrNumber:PendingContractReview","-","PendingPerFieldReview","PendingCatalogMapping","PendingCallSiteReview","SP35 table branch; normative values, no arbitrary calibration","modWorkbookCalculation.ReadSP35Table721FromWorkbook -> CBatchSectionCalculator -> CStabilityCalculator table interpolation","PendingDirectedBehaviorTest","NotRun","NotRun","Inventoried:BehaviorNotAccepted",,,
"SP35.Table721.AN71",,"rngSP35Table721","Config!AN71","NormativeTableValue","TextOrNumber:PendingContractReview","-","PendingPerFieldReview","PendingCatalogMapping","PendingCallSiteReview","SP35 table branch; normative values, no arbitrary calibration","modWorkbookCalculation.ReadSP35Table721FromWorkbook -> CBatchSectionCalculator -> CStabilityCalculator table interpolation","PendingDirectedBehaviorTest","NotRun","NotRun","Inventoried:BehaviorNotAccepted",,,
"SP35.Table721.AO71",,"rngSP35Table721","Config!AO71","NormativeTableValue","TextOrNumber:PendingContractReview","-","PendingPerFieldReview","PendingCatalogMapping","PendingCallSiteReview","SP35 table branch; normative values, no arbitrary calibration","modWorkbookCalculation.ReadSP35Table721FromWorkbook -> CBatchSectionCalculator -> CStabilityCalculator table interpolation","PendingDirectedBehaviorTest","NotRun","NotRun","Inventoried:BehaviorNotAccepted",,,
"SP35.Table721.AP71",,"rngSP35Table721","Config!AP71","NormativeTableValue","TextOrNumber:PendingContractReview","-","PendingPerFieldReview","PendingCatalogMapping","PendingCallSiteReview","SP35 table branch; normative values, no arbitrary calibration","modWorkbookCalculation.ReadSP35Table721FromWorkbook -> CBatchSectionCalculator -> CStabilityCalculator table interpolation","PendingDirectedBehaviorTest","NotRun","NotRun","Inventoried:BehaviorNotAccepted",,,
"SP35.Table721.AI72",,"rngSP35Table721","Config!AI72","NormativeTableValue","TextOrNumber:PendingContractReview","-","PendingPerFieldReview","PendingCatalogMapping","PendingCallSiteReview","SP35 table branch; normative values, no arbitrary calibration","modWorkbookCalculation.ReadSP35Table721FromWorkbook -> CBatchSectionCalculator -> CStabilityCalculator table interpolation","PendingDirectedBehaviorTest","NotRun","NotRun","Inventoried:BehaviorNotAccepted",,,
"SP35.Table721.AJ72",,"rngSP35Table721","Config!AJ72","NormativeTableValue","TextOrNumber:PendingContractReview","-","PendingPerFieldReview","PendingCatalogMapping","PendingCallSiteReview","SP35 table branch; normative values, no arbitrary calibration","modWorkbookCalculation.ReadSP35Table721FromWorkbook -> CBatchSectionCalculator -> CStabilityCalculator table interpolation","PendingDirectedBehaviorTest","NotRun","NotRun","Inventoried:BehaviorNotAccepted",,,
"SP35.Table721.AK72",,"rngSP35Table721","Config!AK72","NormativeTableValue","TextOrNumber:PendingContractReview","-","PendingPerFieldReview","PendingCatalogMapping","PendingCallSiteReview","SP35 table branch; normative values, no arbitrary calibration","modWorkbookCalculation.ReadSP35Table721FromWorkbook -> CBatchSectionCalculator -> CStabilityCalculator table interpolation","PendingDirectedBehaviorTest","NotRun","NotRun","Inventoried:BehaviorNotAccepted",,,
"SP35.Table721.AL72",,"rngSP35Table721","Config!AL72","NormativeTableValue","TextOrNumber:PendingContractReview","-","PendingPerFieldReview","PendingCatalogMapping","PendingCallSiteReview","SP35 table branch; normative values, no arbitrary calibration","modWorkbookCalculation.ReadSP35Table721FromWorkbook -> CBatchSectionCalculator -> CStabilityCalculator table interpolation","PendingDirectedBehaviorTest","NotRun","NotRun","Inventoried:BehaviorNotAccepted",,,
"SP35.Table721.AM72",,"rngSP35Table721","Config!AM72","NormativeTableValue","TextOrNumber:PendingContractReview","-","PendingPerFieldReview","PendingCatalogMapping","PendingCallSiteReview","SP35 table branch; normative values, no arbitrary calibration","modWorkbookCalculation.ReadSP35Table721FromWorkbook -> CBatchSectionCalculator -> CStabilityCalculator table interpolation","PendingDirectedBehaviorTest","NotRun","NotRun","Inventoried:BehaviorNotAccepted",,,
"SP35.Table721.AN72",,"rngSP35Table721","Config!AN72","NormativeTableValue","TextOrNumber:PendingContractReview","-","PendingPerFieldReview","PendingCatalogMapping","PendingCallSiteReview","SP35 table branch; normative values, no arbitrary calibration","modWorkbookCalculation.ReadSP35Table721FromWorkbook -> CBatchSectionCalculator -> CStabilityCalculator table interpolation","PendingDirectedBehaviorTest","NotRun","NotRun","Inventoried:BehaviorNotAccepted",,,
"SP35.Table721.AO72",,"rngSP35Table721","Config!AO72","NormativeTableValue","TextOrNumber:PendingContractReview","-","PendingPerFieldReview","PendingCatalogMapping","PendingCallSiteReview","SP35 table branch; normative values, no arbitrary calibration","modWorkbookCalculation.ReadSP35Table721FromWorkbook -> CBatchSectionCalculator -> CStabilityCalculator table interpolation","PendingDirectedBehaviorTest","NotRun","NotRun","Inventoried:BehaviorNotAccepted",,,
"SP35.Table721.AP72",,"rngSP35Table721","Config!AP72","NormativeTableValue","TextOrNumber:PendingContractReview","-","PendingPerFieldReview","PendingCatalogMapping","PendingCallSiteReview","SP35 table branch; normative values, no arbitrary calibration","modWorkbookCalculation.ReadSP35Table721FromWorkbook -> CBatchSectionCalculator -> CStabilityCalculator table interpolation","PendingDirectedBehaviorTest","NotRun","NotRun","Inventoried:BehaviorNotAccepted",,,
"SP35.Table721.AI73",,"rngSP35Table721","Config!AI73","NormativeTableValue","TextOrNumber:PendingContractReview","-","PendingPerFieldReview","PendingCatalogMapping","PendingCallSiteReview","SP35 table branch; normative values, no arbitrary calibration","modWorkbookCalculation.ReadSP35Table721FromWorkbook -> CBatchSectionCalculator -> CStabilityCalculator table interpolation","PendingDirectedBehaviorTest","NotRun","NotRun","Inventoried:BehaviorNotAccepted",,,
"SP35.Table721.AJ73",,"rngSP35Table721","Config!AJ73","NormativeTableValue","TextOrNumber:PendingContractReview","-","PendingPerFieldReview","PendingCatalogMapping","PendingCallSiteReview","SP35 table branch; normative values, no arbitrary calibration","modWorkbookCalculation.ReadSP35Table721FromWorkbook -> CBatchSectionCalculator -> CStabilityCalculator table interpolation","PendingDirectedBehaviorTest","NotRun","NotRun","Inventoried:BehaviorNotAccepted",,,
"SP35.Table721.AK73",,"rngSP35Table721","Config!AK73","NormativeTableValue","TextOrNumber:PendingContractReview","-","PendingPerFieldReview","PendingCatalogMapping","PendingCallSiteReview","SP35 table branch; normative values, no arbitrary calibration","modWorkbookCalculation.ReadSP35Table721FromWorkbook -> CBatchSectionCalculator -> CStabilityCalculator table interpolation","PendingDirectedBehaviorTest","NotRun","NotRun","Inventoried:BehaviorNotAccepted",,,
"SP35.Table721.AL73",,"rngSP35Table721","Config!AL73","NormativeTableValue","TextOrNumber:PendingContractReview","-","PendingPerFieldReview","PendingCatalogMapping","PendingCallSiteReview","SP35 table branch; normative values, no arbitrary calibration","modWorkbookCalculation.ReadSP35Table721FromWorkbook -> CBatchSectionCalculator -> CStabilityCalculator table interpolation","PendingDirectedBehaviorTest","NotRun","NotRun","Inventoried:BehaviorNotAccepted",,,
"SP35.Table721.AM73",,"rngSP35Table721","Config!AM73","NormativeTableValue","TextOrNumber:PendingContractReview","-","PendingPerFieldReview","PendingCatalogMapping","PendingCallSiteReview","SP35 table branch; normative values, no arbitrary calibration","modWorkbookCalculation.ReadSP35Table721FromWorkbook -> CBatchSectionCalculator -> CStabilityCalculator table interpolation","PendingDirectedBehaviorTest","NotRun","NotRun","Inventoried:BehaviorNotAccepted",,,
"SP35.Table721.AN73",,"rngSP35Table721","Config!AN73","NormativeTableValue","TextOrNumber:PendingContractReview","-","PendingPerFieldReview","PendingCatalogMapping","PendingCallSiteReview","SP35 table branch; normative values, no arbitrary calibration","modWorkbookCalculation.ReadSP35Table721FromWorkbook -> CBatchSectionCalculator -> CStabilityCalculator table interpolation","PendingDirectedBehaviorTest","NotRun","NotRun","Inventoried:BehaviorNotAccepted",,,
"SP35.Table721.AO73",,"rngSP35Table721","Config!AO73","NormativeTableValue","TextOrNumber:PendingContractReview","-","PendingPerFieldReview","PendingCatalogMapping","PendingCallSiteReview","SP35 table branch; normative values, no arbitrary calibration","modWorkbookCalculation.ReadSP35Table721FromWorkbook -> CBatchSectionCalculator -> CStabilityCalculator table interpolation","PendingDirectedBehaviorTest","NotRun","NotRun","Inventoried:BehaviorNotAccepted",,,
"SP35.Table721.AP73",,"rngSP35Table721","Config!AP73","NormativeTableValue","TextOrNumber:PendingContractReview","-","PendingPerFieldReview","PendingCatalogMapping","PendingCallSiteReview","SP35 table branch; normative values, no arbitrary calibration","modWorkbookCalculation.ReadSP35Table721FromWorkbook -> CBatchSectionCalculator -> CStabilityCalculator table interpolation","PendingDirectedBehaviorTest","NotRun","NotRun","Inventoried:BehaviorNotAccepted",,,
"SP35.Table721.AI74",,"rngSP35Table721","Config!AI74","NormativeTableValue","TextOrNumber:PendingContractReview","-","PendingPerFieldReview","PendingCatalogMapping","PendingCallSiteReview","SP35 table branch; normative values, no arbitrary calibration","modWorkbookCalculation.ReadSP35Table721FromWorkbook -> CBatchSectionCalculator -> CStabilityCalculator table interpolation","PendingDirectedBehaviorTest","NotRun","NotRun","Inventoried:BehaviorNotAccepted",,,
"SP35.Table721.AJ74",,"rngSP35Table721","Config!AJ74","NormativeTableValue","TextOrNumber:PendingContractReview","-","PendingPerFieldReview","PendingCatalogMapping","PendingCallSiteReview","SP35 table branch; normative values, no arbitrary calibration","modWorkbookCalculation.ReadSP35Table721FromWorkbook -> CBatchSectionCalculator -> CStabilityCalculator table interpolation","PendingDirectedBehaviorTest","NotRun","NotRun","Inventoried:BehaviorNotAccepted",,,
"SP35.Table721.AK74",,"rngSP35Table721","Config!AK74","NormativeTableValue","TextOrNumber:PendingContractReview","-","PendingPerFieldReview","PendingCatalogMapping","PendingCallSiteReview","SP35 table branch; normative values, no arbitrary calibration","modWorkbookCalculation.ReadSP35Table721FromWorkbook -> CBatchSectionCalculator -> CStabilityCalculator table interpolation","PendingDirectedBehaviorTest","NotRun","NotRun","Inventoried:BehaviorNotAccepted",,,
"SP35.Table721.AL74",,"rngSP35Table721","Config!AL74","NormativeTableValue","TextOrNumber:PendingContractReview","-","PendingPerFieldReview","PendingCatalogMapping","PendingCallSiteReview","SP35 table branch; normative values, no arbitrary calibration","modWorkbookCalculation.ReadSP35Table721FromWorkbook -> CBatchSectionCalculator -> CStabilityCalculator table interpolation","PendingDirectedBehaviorTest","NotRun","NotRun","Inventoried:BehaviorNotAccepted",,,
"SP35.Table721.AM74",,"rngSP35Table721","Config!AM74","NormativeTableValue","TextOrNumber:PendingContractReview","-","PendingPerFieldReview","PendingCatalogMapping","PendingCallSiteReview","SP35 table branch; normative values, no arbitrary calibration","modWorkbookCalculation.ReadSP35Table721FromWorkbook -> CBatchSectionCalculator -> CStabilityCalculator table interpolation","PendingDirectedBehaviorTest","NotRun","NotRun","Inventoried:BehaviorNotAccepted",,,
"SP35.Table721.AN74",,"rngSP35Table721","Config!AN74","NormativeTableValue","TextOrNumber:PendingContractReview","-","PendingPerFieldReview","PendingCatalogMapping","PendingCallSiteReview","SP35 table branch; normative values, no arbitrary calibration","modWorkbookCalculation.ReadSP35Table721FromWorkbook -> CBatchSectionCalculator -> CStabilityCalculator table interpolation","PendingDirectedBehaviorTest","NotRun","NotRun","Inventoried:BehaviorNotAccepted",,,
"SP35.Table721.AO74",,"rngSP35Table721","Config!AO74","NormativeTableValue","TextOrNumber:PendingContractReview","-","PendingPerFieldReview","PendingCatalogMapping","PendingCallSiteReview","SP35 table branch; normative values, no arbitrary calibration","modWorkbookCalculation.ReadSP35Table721FromWorkbook -> CBatchSectionCalculator -> CStabilityCalculator table interpolation","PendingDirectedBehaviorTest","NotRun","NotRun","Inventoried:BehaviorNotAccepted",,,
"SP35.Table721.AP74",,"rngSP35Table721","Config!AP74","NormativeTableValue","TextOrNumber:PendingContractReview","-","PendingPerFieldReview","PendingCatalogMapping","PendingCallSiteReview","SP35 table branch; normative values, no arbitrary calibration","modWorkbookCalculation.ReadSP35Table721FromWorkbook -> CBatchSectionCalculator -> CStabilityCalculator table interpolation","PendingDirectedBehaviorTest","NotRun","NotRun","Inventoried:BehaviorNotAccepted",,,
"SP35.Table721.AI75",,"rngSP35Table721","Config!AI75","NormativeTableValue","TextOrNumber:PendingContractReview","-","PendingPerFieldReview","PendingCatalogMapping","PendingCallSiteReview","SP35 table branch; normative values, no arbitrary calibration","modWorkbookCalculation.ReadSP35Table721FromWorkbook -> CBatchSectionCalculator -> CStabilityCalculator table interpolation","PendingDirectedBehaviorTest","NotRun","NotRun","Inventoried:BehaviorNotAccepted",,,
"SP35.Table721.AJ75",,"rngSP35Table721","Config!AJ75","NormativeTableValue","TextOrNumber:PendingContractReview","-","PendingPerFieldReview","PendingCatalogMapping","PendingCallSiteReview","SP35 table branch; normative values, no arbitrary calibration","modWorkbookCalculation.ReadSP35Table721FromWorkbook -> CBatchSectionCalculator -> CStabilityCalculator table interpolation","PendingDirectedBehaviorTest","NotRun","NotRun","Inventoried:BehaviorNotAccepted",,,
"SP35.Table721.AK75",,"rngSP35Table721","Config!AK75","NormativeTableValue","TextOrNumber:PendingContractReview","-","PendingPerFieldReview","PendingCatalogMapping","PendingCallSiteReview","SP35 table branch; normative values, no arbitrary calibration","modWorkbookCalculation.ReadSP35Table721FromWorkbook -> CBatchSectionCalculator -> CStabilityCalculator table interpolation","PendingDirectedBehaviorTest","NotRun","NotRun","Inventoried:BehaviorNotAccepted",,,
"SP35.Table721.AL75",,"rngSP35Table721","Config!AL75","NormativeTableValue","TextOrNumber:PendingContractReview","-","PendingPerFieldReview","PendingCatalogMapping","PendingCallSiteReview","SP35 table branch; normative values, no arbitrary calibration","modWorkbookCalculation.ReadSP35Table721FromWorkbook -> CBatchSectionCalculator -> CStabilityCalculator table interpolation","PendingDirectedBehaviorTest","NotRun","NotRun","Inventoried:BehaviorNotAccepted",,,
"SP35.Table721.AM75",,"rngSP35Table721","Config!AM75","NormativeTableValue","TextOrNumber:PendingContractReview","-","PendingPerFieldReview","PendingCatalogMapping","PendingCallSiteReview","SP35 table branch; normative values, no arbitrary calibration","modWorkbookCalculation.ReadSP35Table721FromWorkbook -> CBatchSectionCalculator -> CStabilityCalculator table interpolation","PendingDirectedBehaviorTest","NotRun","NotRun","Inventoried:BehaviorNotAccepted",,,
"SP35.Table721.AN75",,"rngSP35Table721","Config!AN75","NormativeTableValue","TextOrNumber:PendingContractReview","-","PendingPerFieldReview","PendingCatalogMapping","PendingCallSiteReview","SP35 table branch; normative values, no arbitrary calibration","modWorkbookCalculation.ReadSP35Table721FromWorkbook -> CBatchSectionCalculator -> CStabilityCalculator table interpolation","PendingDirectedBehaviorTest","NotRun","NotRun","Inventoried:BehaviorNotAccepted",,,
"SP35.Table721.AO75",,"rngSP35Table721","Config!AO75","NormativeTableValue","TextOrNumber:PendingContractReview","-","PendingPerFieldReview","PendingCatalogMapping","PendingCallSiteReview","SP35 table branch; normative values, no arbitrary calibration","modWorkbookCalculation.ReadSP35Table721FromWorkbook -> CBatchSectionCalculator -> CStabilityCalculator table interpolation","PendingDirectedBehaviorTest","NotRun","NotRun","Inventoried:BehaviorNotAccepted",,,
"SP35.Table721.AP75",,"rngSP35Table721","Config!AP75","NormativeTableValue","TextOrNumber:PendingContractReview","-","PendingPerFieldReview","PendingCatalogMapping","PendingCallSiteReview","SP35 table branch; normative values, no arbitrary calibration","modWorkbookCalculation.ReadSP35Table721FromWorkbook -> CBatchSectionCalculator -> CStabilityCalculator table interpolation","PendingDirectedBehaviorTest","NotRun","NotRun","Inventoried:BehaviorNotAccepted",,,
"SP35.Table721.AI76",,"rngSP35Table721","Config!AI76","NormativeTableValue","TextOrNumber:PendingContractReview","-","PendingPerFieldReview","PendingCatalogMapping","PendingCallSiteReview","SP35 table branch; normative values, no arbitrary calibration","modWorkbookCalculation.ReadSP35Table721FromWorkbook -> CBatchSectionCalculator -> CStabilityCalculator table interpolation","PendingDirectedBehaviorTest","NotRun","NotRun","Inventoried:BehaviorNotAccepted",,,
"SP35.Table721.AJ76",,"rngSP35Table721","Config!AJ76","NormativeTableValue","TextOrNumber:PendingContractReview","-","PendingPerFieldReview","PendingCatalogMapping","PendingCallSiteReview","SP35 table branch; normative values, no arbitrary calibration","modWorkbookCalculation.ReadSP35Table721FromWorkbook -> CBatchSectionCalculator -> CStabilityCalculator table interpolation","PendingDirectedBehaviorTest","NotRun","NotRun","Inventoried:BehaviorNotAccepted",,,
"SP35.Table721.AK76",,"rngSP35Table721","Config!AK76","NormativeTableValue","TextOrNumber:PendingContractReview","-","PendingPerFieldReview","PendingCatalogMapping","PendingCallSiteReview","SP35 table branch; normative values, no arbitrary calibration","modWorkbookCalculation.ReadSP35Table721FromWorkbook -> CBatchSectionCalculator -> CStabilityCalculator table interpolation","PendingDirectedBehaviorTest","NotRun","NotRun","Inventoried:BehaviorNotAccepted",,,
"SP35.Table721.AL76",,"rngSP35Table721","Config!AL76","NormativeTableValue","TextOrNumber:PendingContractReview","-","PendingPerFieldReview","PendingCatalogMapping","PendingCallSiteReview","SP35 table branch; normative values, no arbitrary calibration","modWorkbookCalculation.ReadSP35Table721FromWorkbook -> CBatchSectionCalculator -> CStabilityCalculator table interpolation","PendingDirectedBehaviorTest","NotRun","NotRun","Inventoried:BehaviorNotAccepted",,,
"SP35.Table721.AM76",,"rngSP35Table721","Config!AM76","NormativeTableValue","TextOrNumber:PendingContractReview","-","PendingPerFieldReview","PendingCatalogMapping","PendingCallSiteReview","SP35 table branch; normative values, no arbitrary calibration","modWorkbookCalculation.ReadSP35Table721FromWorkbook -> CBatchSectionCalculator -> CStabilityCalculator table interpolation","PendingDirectedBehaviorTest","NotRun","NotRun","Inventoried:BehaviorNotAccepted",,,
"SP35.Table721.AN76",,"rngSP35Table721","Config!AN76","NormativeTableValue","TextOrNumber:PendingContractReview","-","PendingPerFieldReview","PendingCatalogMapping","PendingCallSiteReview","SP35 table branch; normative values, no arbitrary calibration","modWorkbookCalculation.ReadSP35Table721FromWorkbook -> CBatchSectionCalculator -> CStabilityCalculator table interpolation","PendingDirectedBehaviorTest","NotRun","NotRun","Inventoried:BehaviorNotAccepted",,,
"SP35.Table721.AO76",,"rngSP35Table721","Config!AO76","NormativeTableValue","TextOrNumber:PendingContractReview","-","PendingPerFieldReview","PendingCatalogMapping","PendingCallSiteReview","SP35 table branch; normative values, no arbitrary calibration","modWorkbookCalculation.ReadSP35Table721FromWorkbook -> CBatchSectionCalculator -> CStabilityCalculator table interpolation","PendingDirectedBehaviorTest","NotRun","NotRun","Inventoried:BehaviorNotAccepted",,,
"SP35.Table721.AP76",,"rngSP35Table721","Config!AP76","NormativeTableValue","TextOrNumber:PendingContractReview","-","PendingPerFieldReview","PendingCatalogMapping","PendingCallSiteReview","SP35 table branch; normative values, no arbitrary calibration","modWorkbookCalculation.ReadSP35Table721FromWorkbook -> CBatchSectionCalculator -> CStabilityCalculator table interpolation","PendingDirectedBehaviorTest","NotRun","NotRun","Inventoried:BehaviorNotAccepted",,,
"SP35.Table721.AI77",,"rngSP35Table721","Config!AI77","NormativeTableValue","TextOrNumber:PendingContractReview","-","PendingPerFieldReview","PendingCatalogMapping","PendingCallSiteReview","SP35 table branch; normative values, no arbitrary calibration","modWorkbookCalculation.ReadSP35Table721FromWorkbook -> CBatchSectionCalculator -> CStabilityCalculator table interpolation","PendingDirectedBehaviorTest","NotRun","NotRun","Inventoried:BehaviorNotAccepted",,,
"SP35.Table721.AJ77",,"rngSP35Table721","Config!AJ77","NormativeTableValue","TextOrNumber:PendingContractReview","-","PendingPerFieldReview","PendingCatalogMapping","PendingCallSiteReview","SP35 table branch; normative values, no arbitrary calibration","modWorkbookCalculation.ReadSP35Table721FromWorkbook -> CBatchSectionCalculator -> CStabilityCalculator table interpolation","PendingDirectedBehaviorTest","NotRun","NotRun","Inventoried:BehaviorNotAccepted",,,
"SP35.Table721.AK77",,"rngSP35Table721","Config!AK77","NormativeTableValue","TextOrNumber:PendingContractReview","-","PendingPerFieldReview","PendingCatalogMapping","PendingCallSiteReview","SP35 table branch; normative values, no arbitrary calibration","modWorkbookCalculation.ReadSP35Table721FromWorkbook -> CBatchSectionCalculator -> CStabilityCalculator table interpolation","PendingDirectedBehaviorTest","NotRun","NotRun","Inventoried:BehaviorNotAccepted",,,
"SP35.Table721.AL77",,"rngSP35Table721","Config!AL77","NormativeTableValue","TextOrNumber:PendingContractReview","-","PendingPerFieldReview","PendingCatalogMapping","PendingCallSiteReview","SP35 table branch; normative values, no arbitrary calibration","modWorkbookCalculation.ReadSP35Table721FromWorkbook -> CBatchSectionCalculator -> CStabilityCalculator table interpolation","PendingDirectedBehaviorTest","NotRun","NotRun","Inventoried:BehaviorNotAccepted",,,
"SP35.Table721.AM77",,"rngSP35Table721","Config!AM77","NormativeTableValue","TextOrNumber:PendingContractReview","-","PendingPerFieldReview","PendingCatalogMapping","PendingCallSiteReview","SP35 table branch; normative values, no arbitrary calibration","modWorkbookCalculation.ReadSP35Table721FromWorkbook -> CBatchSectionCalculator -> CStabilityCalculator table interpolation","PendingDirectedBehaviorTest","NotRun","NotRun","Inventoried:BehaviorNotAccepted",,,
"SP35.Table721.AN77",,"rngSP35Table721","Config!AN77","NormativeTableValue","TextOrNumber:PendingContractReview","-","PendingPerFieldReview","PendingCatalogMapping","PendingCallSiteReview","SP35 table branch; normative values, no arbitrary calibration","modWorkbookCalculation.ReadSP35Table721FromWorkbook -> CBatchSectionCalculator -> CStabilityCalculator table interpolation","PendingDirectedBehaviorTest","NotRun","NotRun","Inventoried:BehaviorNotAccepted",,,
"SP35.Table721.AO77",,"rngSP35Table721","Config!AO77","NormativeTableValue","TextOrNumber:PendingContractReview","-","PendingPerFieldReview","PendingCatalogMapping","PendingCallSiteReview","SP35 table branch; normative values, no arbitrary calibration","modWorkbookCalculation.ReadSP35Table721FromWorkbook -> CBatchSectionCalculator -> CStabilityCalculator table interpolation","PendingDirectedBehaviorTest","NotRun","NotRun","Inventoried:BehaviorNotAccepted",,,
"SP35.Table721.AP77",,"rngSP35Table721","Config!AP77","NormativeTableValue","TextOrNumber:PendingContractReview","-","PendingPerFieldReview","PendingCatalogMapping","PendingCallSiteReview","SP35 table branch; normative values, no arbitrary calibration","modWorkbookCalculation.ReadSP35Table721FromWorkbook -> CBatchSectionCalculator -> CStabilityCalculator table interpolation","PendingDirectedBehaviorTest","NotRun","NotRun","Inventoried:BehaviorNotAccepted",,,
"SP35.Table721.AI78",,"rngSP35Table721","Config!AI78","NormativeTableValue","TextOrNumber:PendingContractReview","-","PendingPerFieldReview","PendingCatalogMapping","PendingCallSiteReview","SP35 table branch; normative values, no arbitrary calibration","modWorkbookCalculation.ReadSP35Table721FromWorkbook -> CBatchSectionCalculator -> CStabilityCalculator table interpolation","PendingDirectedBehaviorTest","NotRun","NotRun","Inventoried:BehaviorNotAccepted",,,
"SP35.Table721.AJ78",,"rngSP35Table721","Config!AJ78","NormativeTableValue","TextOrNumber:PendingContractReview","-","PendingPerFieldReview","PendingCatalogMapping","PendingCallSiteReview","SP35 table branch; normative values, no arbitrary calibration","modWorkbookCalculation.ReadSP35Table721FromWorkbook -> CBatchSectionCalculator -> CStabilityCalculator table interpolation","PendingDirectedBehaviorTest","NotRun","NotRun","Inventoried:BehaviorNotAccepted",,,
"SP35.Table721.AK78",,"rngSP35Table721","Config!AK78","NormativeTableValue","TextOrNumber:PendingContractReview","-","PendingPerFieldReview","PendingCatalogMapping","PendingCallSiteReview","SP35 table branch; normative values, no arbitrary calibration","modWorkbookCalculation.ReadSP35Table721FromWorkbook -> CBatchSectionCalculator -> CStabilityCalculator table interpolation","PendingDirectedBehaviorTest","NotRun","NotRun","Inventoried:BehaviorNotAccepted",,,
"SP35.Table721.AL78",,"rngSP35Table721","Config!AL78","NormativeTableValue","TextOrNumber:PendingContractReview","-","PendingPerFieldReview","PendingCatalogMapping","PendingCallSiteReview","SP35 table branch; normative values, no arbitrary calibration","modWorkbookCalculation.ReadSP35Table721FromWorkbook -> CBatchSectionCalculator -> CStabilityCalculator table interpolation","PendingDirectedBehaviorTest","NotRun","NotRun","Inventoried:BehaviorNotAccepted",,,
"SP35.Table721.AM78",,"rngSP35Table721","Config!AM78","NormativeTableValue","TextOrNumber:PendingContractReview","-","PendingPerFieldReview","PendingCatalogMapping","PendingCallSiteReview","SP35 table branch; normative values, no arbitrary calibration","modWorkbookCalculation.ReadSP35Table721FromWorkbook -> CBatchSectionCalculator -> CStabilityCalculator table interpolation","PendingDirectedBehaviorTest","NotRun","NotRun","Inventoried:BehaviorNotAccepted",,,
"SP35.Table721.AN78",,"rngSP35Table721","Config!AN78","NormativeTableValue","TextOrNumber:PendingContractReview","-","PendingPerFieldReview","PendingCatalogMapping","PendingCallSiteReview","SP35 table branch; normative values, no arbitrary calibration","modWorkbookCalculation.ReadSP35Table721FromWorkbook -> CBatchSectionCalculator -> CStabilityCalculator table interpolation","PendingDirectedBehaviorTest","NotRun","NotRun","Inventoried:BehaviorNotAccepted",,,
"SP35.Table721.AO78",,"rngSP35Table721","Config!AO78","NormativeTableValue","TextOrNumber:PendingContractReview","-","PendingPerFieldReview","PendingCatalogMapping","PendingCallSiteReview","SP35 table branch; normative values, no arbitrary calibration","modWorkbookCalculation.ReadSP35Table721FromWorkbook -> CBatchSectionCalculator -> CStabilityCalculator table interpolation","PendingDirectedBehaviorTest","NotRun","NotRun","Inventoried:BehaviorNotAccepted",,,
"SP35.Table721.AP78",,"rngSP35Table721","Config!AP78","NormativeTableValue","TextOrNumber:PendingContractReview","-","PendingPerFieldReview","PendingCatalogMapping","PendingCallSiteReview","SP35 table branch; normative values, no arbitrary calibration","modWorkbookCalculation.ReadSP35Table721FromWorkbook -> CBatchSectionCalculator -> CStabilityCalculator table interpolation","PendingDirectedBehaviorTest","NotRun","NotRun","Inventoried:BehaviorNotAccepted",,,
"MaterialControl.AM3",,"UnnamedMaterialDiagramControl","Config!AM3","DerivedFormula","Formula","Strain / MPa","PendingPerFieldReview","PendingCatalogMapping","PendingCallSiteReview","Corresponding material parameters; checking only","No solver consumer; visible independent formula control","PendingDirectedBehaviorTest","NotRun","NotRun","Inventoried:BehaviorNotAccepted",,,
"MaterialControl.AN3",,"UnnamedMaterialDiagramControl","Config!AN3","DerivedFormula","Formula","Strain / MPa","PendingPerFieldReview","PendingCatalogMapping","PendingCallSiteReview","Corresponding material parameters; checking only","No solver consumer; visible independent formula control","PendingDirectedBehaviorTest","NotRun","NotRun","Inventoried:BehaviorNotAccepted",,,
"MaterialControl.AM4",,"UnnamedMaterialDiagramControl","Config!AM4","DerivedFormula","Formula","Strain / MPa","PendingPerFieldReview","PendingCatalogMapping","PendingCallSiteReview","Corresponding material parameters; checking only","No solver consumer; visible independent formula control","PendingDirectedBehaviorTest","NotRun","NotRun","Inventoried:BehaviorNotAccepted",,,
"MaterialControl.AN4",,"UnnamedMaterialDiagramControl","Config!AN4","DerivedFormula","Formula","Strain / MPa","PendingPerFieldReview","PendingCatalogMapping","PendingCallSiteReview","Corresponding material parameters; checking only","No solver consumer; visible independent formula control","PendingDirectedBehaviorTest","NotRun","NotRun","Inventoried:BehaviorNotAccepted",,,
"MaterialControl.AM5",,"UnnamedMaterialDiagramControl","Config!AM5","ReadOnlyControlValue","TextOrNumber:PendingContractReview","Strain / MPa","PendingPerFieldReview","PendingCatalogMapping","PendingCallSiteReview","Corresponding material parameters; checking only","No solver consumer; visible independent formula control","PendingDirectedBehaviorTest","NotRun","NotRun","Inventoried:BehaviorNotAccepted",,,
"MaterialControl.AN5",,"UnnamedMaterialDiagramControl","Config!AN5","ReadOnlyControlValue","TextOrNumber:PendingContractReview","Strain / MPa","PendingPerFieldReview","PendingCatalogMapping","PendingCallSiteReview","Corresponding material parameters; checking only","No solver consumer; visible independent formula control","PendingDirectedBehaviorTest","NotRun","NotRun","Inventoried:BehaviorNotAccepted",,,
"MaterialControl.AM6",,"UnnamedMaterialDiagramControl","Config!AM6","DerivedFormula","Formula","Strain / MPa","PendingPerFieldReview","PendingCatalogMapping","PendingCallSiteReview","Corresponding material parameters; checking only","No solver consumer; visible independent formula control","PendingDirectedBehaviorTest","NotRun","NotRun","Inventoried:BehaviorNotAccepted",,,
"MaterialControl.AN6",,"UnnamedMaterialDiagramControl","Config!AN6","DerivedFormula","Formula","Strain / MPa","PendingPerFieldReview","PendingCatalogMapping","PendingCallSiteReview","Corresponding material parameters; checking only","No solver consumer; visible independent formula control","PendingDirectedBehaviorTest","NotRun","NotRun","Inventoried:BehaviorNotAccepted",,,
"MaterialControl.AM7",,"UnnamedMaterialDiagramControl","Config!AM7","DerivedFormula","Formula","Strain / MPa","PendingPerFieldReview","PendingCatalogMapping","PendingCallSiteReview","Corresponding material parameters; checking only","No solver consumer; visible independent formula control","PendingDirectedBehaviorTest","NotRun","NotRun","Inventoried:BehaviorNotAccepted",,,
"MaterialControl.AN7",,"UnnamedMaterialDiagramControl","Config!AN7","DerivedFormula","Formula","Strain / MPa","PendingPerFieldReview","PendingCatalogMapping","PendingCallSiteReview","Corresponding material parameters; checking only","No solver consumer; visible independent formula control","PendingDirectedBehaviorTest","NotRun","NotRun","Inventoried:BehaviorNotAccepted",,,
"MaterialControl.AM8",,"UnnamedMaterialDiagramControl","Config!AM8","DerivedFormula","Formula","Strain / MPa","PendingPerFieldReview","PendingCatalogMapping","PendingCallSiteReview","Corresponding material parameters; checking only","No solver consumer; visible independent formula control","PendingDirectedBehaviorTest","NotRun","NotRun","Inventoried:BehaviorNotAccepted",,,
"MaterialControl.AN8",,"UnnamedMaterialDiagramControl","Config!AN8","DerivedFormula","Formula","Strain / MPa","PendingPerFieldReview","PendingCatalogMapping","PendingCallSiteReview","Corresponding material parameters; checking only","No solver consumer; visible independent formula control","PendingDirectedBehaviorTest","NotRun","NotRun","Inventoried:BehaviorNotAccepted",,,
"MaterialControl.AM9",,"UnnamedMaterialDiagramControl","Config!AM9","DerivedFormula","Formula","Strain / MPa","PendingPerFieldReview","PendingCatalogMapping","PendingCallSiteReview","Corresponding material parameters; checking only","No solver consumer; visible independent formula control","PendingDirectedBehaviorTest","NotRun","NotRun","Inventoried:BehaviorNotAccepted",,,
"MaterialControl.AN9",,"UnnamedMaterialDiagramControl","Config!AN9","DerivedFormula","Formula","Strain / MPa","PendingPerFieldReview","PendingCatalogMapping","PendingCallSiteReview","Corresponding material parameters; checking only","No solver consumer; visible independent formula control","PendingDirectedBehaviorTest","NotRun","NotRun","Inventoried:BehaviorNotAccepted",,,
"MaterialControl.AM10",,"UnnamedMaterialDiagramControl","Config!AM10","DerivedFormula","Formula","Strain / MPa","PendingPerFieldReview","PendingCatalogMapping","PendingCallSiteReview","Corresponding material parameters; checking only","No solver consumer; visible independent formula control","PendingDirectedBehaviorTest","NotRun","NotRun","Inventoried:BehaviorNotAccepted",,,
"MaterialControl.AN10",,"UnnamedMaterialDiagramControl","Config!AN10","DerivedFormula","Formula","Strain / MPa","PendingPerFieldReview","PendingCatalogMapping","PendingCallSiteReview","Corresponding material parameters; checking only","No solver consumer; visible independent formula control","PendingDirectedBehaviorTest","NotRun","NotRun","Inventoried:BehaviorNotAccepted",,,
"MaterialControl.AM11",,"UnnamedMaterialDiagramControl","Config!AM11","ReadOnlyControlValue","TextOrNumber:PendingContractReview","Strain / MPa","PendingPerFieldReview","PendingCatalogMapping","PendingCallSiteReview","Corresponding material parameters; checking only","No solver consumer; visible independent formula control","PendingDirectedBehaviorTest","NotRun","NotRun","Inventoried:BehaviorNotAccepted",,,
"MaterialControl.AN11",,"UnnamedMaterialDiagramControl","Config!AN11","ReadOnlyControlValue","TextOrNumber:PendingContractReview","Strain / MPa","PendingPerFieldReview","PendingCatalogMapping","PendingCallSiteReview","Corresponding material parameters; checking only","No solver consumer; visible independent formula control","PendingDirectedBehaviorTest","NotRun","NotRun","Inventoried:BehaviorNotAccepted",,,
"MaterialControl.AM12",,"UnnamedMaterialDiagramControl","Config!AM12","DerivedFormula","Formula","Strain / MPa","PendingPerFieldReview","PendingCatalogMapping","PendingCallSiteReview","Corresponding material parameters; checking only","No solver consumer; visible independent formula control","PendingDirectedBehaviorTest","NotRun","NotRun","Inventoried:BehaviorNotAccepted",,,
"MaterialControl.AN12",,"UnnamedMaterialDiagramControl","Config!AN12","DerivedFormula","Formula","Strain / MPa","PendingPerFieldReview","PendingCatalogMapping","PendingCallSiteReview","Corresponding material parameters; checking only","No solver consumer; visible independent formula control","PendingDirectedBehaviorTest","NotRun","NotRun","Inventoried:BehaviorNotAccepted",,,
"MaterialControl.AM13",,"UnnamedMaterialDiagramControl","Config!AM13","DerivedFormula","Formula","Strain / MPa","PendingPerFieldReview","PendingCatalogMapping","PendingCallSiteReview","Corresponding material parameters; checking only","No solver consumer; visible independent formula control","PendingDirectedBehaviorTest","NotRun","NotRun","Inventoried:BehaviorNotAccepted",,,
"MaterialControl.AN13",,"UnnamedMaterialDiagramControl","Config!AN13","DerivedFormula","Formula","Strain / MPa","PendingPerFieldReview","PendingCatalogMapping","PendingCallSiteReview","Corresponding material parameters; checking only","No solver consumer; visible independent formula control","PendingDirectedBehaviorTest","NotRun","NotRun","Inventoried:BehaviorNotAccepted",,,
"MaterialControl.AM14",,"UnnamedMaterialDiagramControl","Config!AM14","DerivedFormula","Formula","Strain / MPa","PendingPerFieldReview","PendingCatalogMapping","PendingCallSiteReview","Corresponding material parameters; checking only","No solver consumer; visible independent formula control","PendingDirectedBehaviorTest","NotRun","NotRun","Inventoried:BehaviorNotAccepted",,,
"MaterialControl.AN14",,"UnnamedMaterialDiagramControl","Config!AN14","DerivedFormula","Formula","Strain / MPa","PendingPerFieldReview","PendingCatalogMapping","PendingCallSiteReview","Corresponding material parameters; checking only","No solver consumer; visible independent formula control","PendingDirectedBehaviorTest","NotRun","NotRun","Inventoried:BehaviorNotAccepted",,,
"MaterialControl.AM15",,"UnnamedMaterialDiagramControl","Config!AM15","DerivedFormula","Formula","Strain / MPa","PendingPerFieldReview","PendingCatalogMapping","PendingCallSiteReview","Corresponding material parameters; checking only","No solver consumer; visible independent formula control","PendingDirectedBehaviorTest","NotRun","NotRun","Inventoried:BehaviorNotAccepted",,,
"MaterialControl.AN15",,"UnnamedMaterialDiagramControl","Config!AN15","DerivedFormula","Formula","Strain / MPa","PendingPerFieldReview","PendingCatalogMapping","PendingCallSiteReview","Corresponding material parameters; checking only","No solver consumer; visible independent formula control","PendingDirectedBehaviorTest","NotRun","NotRun","Inventoried:BehaviorNotAccepted",,,
"MaterialControl.AM16",,"UnnamedMaterialDiagramControl","Config!AM16","DerivedFormula","Formula","Strain / MPa","PendingPerFieldReview","PendingCatalogMapping","PendingCallSiteReview","Corresponding material parameters; checking only","No solver consumer; visible independent formula control","PendingDirectedBehaviorTest","NotRun","NotRun","Inventoried:BehaviorNotAccepted",,,
"MaterialControl.AN16",,"UnnamedMaterialDiagramControl","Config!AN16","DerivedFormula","Formula","Strain / MPa","PendingPerFieldReview","PendingCatalogMapping","PendingCallSiteReview","Corresponding material parameters; checking only","No solver consumer; visible independent formula control","PendingDirectedBehaviorTest","NotRun","NotRun","Inventoried:BehaviorNotAccepted",,,
"MaterialControl.AM17",,"UnnamedMaterialDiagramControl","Config!AM17","ReadOnlyControlValue","TextOrNumber:PendingContractReview","Strain / MPa","PendingPerFieldReview","PendingCatalogMapping","PendingCallSiteReview","Corresponding material parameters; checking only","No solver consumer; visible independent formula control","PendingDirectedBehaviorTest","NotRun","NotRun","Inventoried:BehaviorNotAccepted",,,
"MaterialControl.AN17",,"UnnamedMaterialDiagramControl","Config!AN17","ReadOnlyControlValue","TextOrNumber:PendingContractReview","Strain / MPa","PendingPerFieldReview","PendingCatalogMapping","PendingCallSiteReview","Corresponding material parameters; checking only","No solver consumer; visible independent formula control","PendingDirectedBehaviorTest","NotRun","NotRun","Inventoried:BehaviorNotAccepted",,,
"MaterialControl.AM18",,"UnnamedMaterialDiagramControl","Config!AM18","DerivedFormula","Formula","Strain / MPa","PendingPerFieldReview","PendingCatalogMapping","PendingCallSiteReview","Corresponding material parameters; checking only","No solver consumer; visible independent formula control","PendingDirectedBehaviorTest","NotRun","NotRun","Inventoried:BehaviorNotAccepted",,,
"MaterialControl.AN18",,"UnnamedMaterialDiagramControl","Config!AN18","DerivedFormula","Formula","Strain / MPa","PendingPerFieldReview","PendingCatalogMapping","PendingCallSiteReview","Corresponding material parameters; checking only","No solver consumer; visible independent formula control","PendingDirectedBehaviorTest","NotRun","NotRun","Inventoried:BehaviorNotAccepted",,,
"MaterialControl.AM19",,"UnnamedMaterialDiagramControl","Config!AM19","DerivedFormula","Formula","Strain / MPa","PendingPerFieldReview","PendingCatalogMapping","PendingCallSiteReview","Corresponding material parameters; checking only","No solver consumer; visible independent formula control","PendingDirectedBehaviorTest","NotRun","NotRun","Inventoried:BehaviorNotAccepted",,,
"MaterialControl.AN19",,"UnnamedMaterialDiagramControl","Config!AN19","DerivedFormula","Formula","Strain / MPa","PendingPerFieldReview","PendingCatalogMapping","PendingCallSiteReview","Corresponding material parameters; checking only","No solver consumer; visible independent formula control","PendingDirectedBehaviorTest","NotRun","NotRun","Inventoried:BehaviorNotAccepted",,,
"MaterialControl.AM20",,"UnnamedMaterialDiagramControl","Config!AM20","DerivedFormula","Formula","Strain / MPa","PendingPerFieldReview","PendingCatalogMapping","PendingCallSiteReview","Corresponding material parameters; checking only","No solver consumer; visible independent formula control","PendingDirectedBehaviorTest","NotRun","NotRun","Inventoried:BehaviorNotAccepted",,,
"MaterialControl.AN20",,"UnnamedMaterialDiagramControl","Config!AN20","DerivedFormula","Formula","Strain / MPa","PendingPerFieldReview","PendingCatalogMapping","PendingCallSiteReview","Corresponding material parameters; checking only","No solver consumer; visible independent formula control","PendingDirectedBehaviorTest","NotRun","NotRun","Inventoried:BehaviorNotAccepted",,,
"MaterialControl.AM21",,"UnnamedMaterialDiagramControl","Config!AM21","DerivedFormula","Formula","Strain / MPa","PendingPerFieldReview","PendingCatalogMapping","PendingCallSiteReview","Corresponding material parameters; checking only","No solver consumer; visible independent formula control","PendingDirectedBehaviorTest","NotRun","NotRun","Inventoried:BehaviorNotAccepted",,,
"MaterialControl.AN21",,"UnnamedMaterialDiagramControl","Config!AN21","DerivedFormula","Formula","Strain / MPa","PendingPerFieldReview","PendingCatalogMapping","PendingCallSiteReview","Corresponding material parameters; checking only","No solver consumer; visible independent formula control","PendingDirectedBehaviorTest","NotRun","NotRun","Inventoried:BehaviorNotAccepted",,,
"MaterialControl.AM22",,"UnnamedMaterialDiagramControl","Config!AM22","DerivedFormula","Formula","Strain / MPa","PendingPerFieldReview","PendingCatalogMapping","PendingCallSiteReview","Corresponding material parameters; checking only","No solver consumer; visible independent formula control","PendingDirectedBehaviorTest","NotRun","NotRun","Inventoried:BehaviorNotAccepted",,,
"MaterialControl.AN22",,"UnnamedMaterialDiagramControl","Config!AN22","DerivedFormula","Formula","Strain / MPa","PendingPerFieldReview","PendingCatalogMapping","PendingCallSiteReview","Corresponding material parameters; checking only","No solver consumer; visible independent formula control","PendingDirectedBehaviorTest","NotRun","NotRun","Inventoried:BehaviorNotAccepted",,,
"MaterialControl.AM23",,"UnnamedMaterialDiagramControl","Config!AM23","ReadOnlyControlValue","TextOrNumber:PendingContractReview","Strain / MPa","PendingPerFieldReview","PendingCatalogMapping","PendingCallSiteReview","Corresponding material parameters; checking only","No solver consumer; visible independent formula control","PendingDirectedBehaviorTest","NotRun","NotRun","Inventoried:BehaviorNotAccepted",,,
"MaterialControl.AN23",,"UnnamedMaterialDiagramControl","Config!AN23","ReadOnlyControlValue","TextOrNumber:PendingContractReview","Strain / MPa","PendingPerFieldReview","PendingCatalogMapping","PendingCallSiteReview","Corresponding material parameters; checking only","No solver consumer; visible independent formula control","PendingDirectedBehaviorTest","NotRun","NotRun","Inventoried:BehaviorNotAccepted",,,
"MaterialControl.AM24",,"UnnamedMaterialDiagramControl","Config!AM24","DerivedFormula","Formula","Strain / MPa","PendingPerFieldReview","PendingCatalogMapping","PendingCallSiteReview","Corresponding material parameters; checking only","No solver consumer; visible independent formula control","PendingDirectedBehaviorTest","NotRun","NotRun","Inventoried:BehaviorNotAccepted",,,
"MaterialControl.AN24",,"UnnamedMaterialDiagramControl","Config!AN24","DerivedFormula","Formula","Strain / MPa","PendingPerFieldReview","PendingCatalogMapping","PendingCallSiteReview","Corresponding material parameters; checking only","No solver consumer; visible independent formula control","PendingDirectedBehaviorTest","NotRun","NotRun","Inventoried:BehaviorNotAccepted",,,
"MaterialControl.AM25",,"UnnamedMaterialDiagramControl","Config!AM25","DerivedFormula","Formula","Strain / MPa","PendingPerFieldReview","PendingCatalogMapping","PendingCallSiteReview","Corresponding material parameters; checking only","No solver consumer; visible independent formula control","PendingDirectedBehaviorTest","NotRun","NotRun","Inventoried:BehaviorNotAccepted",,,
"MaterialControl.AN25",,"UnnamedMaterialDiagramControl","Config!AN25","DerivedFormula","Formula","Strain / MPa","PendingPerFieldReview","PendingCatalogMapping","PendingCallSiteReview","Corresponding material parameters; checking only","No solver consumer; visible independent formula control","PendingDirectedBehaviorTest","NotRun","NotRun","Inventoried:BehaviorNotAccepted",,,
"MaterialControl.AM26",,"UnnamedMaterialDiagramControl","Config!AM26","DerivedFormula","Formula","Strain / MPa","PendingPerFieldReview","PendingCatalogMapping","PendingCallSiteReview","Corresponding material parameters; checking only","No solver consumer; visible independent formula control","PendingDirectedBehaviorTest","NotRun","NotRun","Inventoried:BehaviorNotAccepted",,,
"MaterialControl.AN26",,"UnnamedMaterialDiagramControl","Config!AN26","DerivedFormula","Formula","Strain / MPa","PendingPerFieldReview","PendingCatalogMapping","PendingCallSiteReview","Corresponding material parameters; checking only","No solver consumer; visible independent formula control","PendingDirectedBehaviorTest","NotRun","NotRun","Inventoried:BehaviorNotAccepted",,,
"MaterialControl.AM27",,"UnnamedMaterialDiagramControl","Config!AM27","DerivedFormula","Formula","Strain / MPa","PendingPerFieldReview","PendingCatalogMapping","PendingCallSiteReview","Corresponding material parameters; checking only","No solver consumer; visible independent formula control","PendingDirectedBehaviorTest","NotRun","NotRun","Inventoried:BehaviorNotAccepted",,,
"MaterialControl.AN27",,"UnnamedMaterialDiagramControl","Config!AN27","DerivedFormula","Formula","Strain / MPa","PendingPerFieldReview","PendingCatalogMapping","PendingCallSiteReview","Corresponding material parameters; checking only","No solver consumer; visible independent formula control","PendingDirectedBehaviorTest","NotRun","NotRun","Inventoried:BehaviorNotAccepted",,,
"MaterialControl.AM28",,"UnnamedMaterialDiagramControl","Config!AM28","DerivedFormula","Formula","Strain / MPa","PendingPerFieldReview","PendingCatalogMapping","PendingCallSiteReview","Corresponding material parameters; checking only","No solver consumer; visible independent formula control","PendingDirectedBehaviorTest","NotRun","NotRun","Inventoried:BehaviorNotAccepted",,,
"MaterialControl.AN28",,"UnnamedMaterialDiagramControl","Config!AN28","DerivedFormula","Formula","Strain / MPa","PendingPerFieldReview","PendingCatalogMapping","PendingCallSiteReview","Corresponding material parameters; checking only","No solver consumer; visible independent formula control","PendingDirectedBehaviorTest","NotRun","NotRun","Inventoried:BehaviorNotAccepted",,,
"MaterialControl.AM29",,"UnnamedMaterialDiagramControl","Config!AM29","ReadOnlyControlValue","TextOrNumber:PendingContractReview","Strain / MPa","PendingPerFieldReview","PendingCatalogMapping","PendingCallSiteReview","Corresponding material parameters; checking only","No solver consumer; visible independent formula control","PendingDirectedBehaviorTest","NotRun","NotRun","Inventoried:BehaviorNotAccepted",,,
"MaterialControl.AN29",,"UnnamedMaterialDiagramControl","Config!AN29","ReadOnlyControlValue","TextOrNumber:PendingContractReview","Strain / MPa","PendingPerFieldReview","PendingCatalogMapping","PendingCallSiteReview","Corresponding material parameters; checking only","No solver consumer; visible independent formula control","PendingDirectedBehaviorTest","NotRun","NotRun","Inventoried:BehaviorNotAccepted",,,
"MaterialControl.AM30",,"UnnamedMaterialDiagramControl","Config!AM30","DerivedFormula","Formula","Strain / MPa","PendingPerFieldReview","PendingCatalogMapping","PendingCallSiteReview","Corresponding material parameters; checking only","No solver consumer; visible independent formula control","PendingDirectedBehaviorTest","NotRun","NotRun","Inventoried:BehaviorNotAccepted",,,
"MaterialControl.AN30",,"UnnamedMaterialDiagramControl","Config!AN30","DerivedFormula","Formula","Strain / MPa","PendingPerFieldReview","PendingCatalogMapping","PendingCallSiteReview","Corresponding material parameters; checking only","No solver consumer; visible independent formula control","PendingDirectedBehaviorTest","NotRun","NotRun","Inventoried:BehaviorNotAccepted",,,
"MaterialControl.AM31",,"UnnamedMaterialDiagramControl","Config!AM31","DerivedFormula","Formula","Strain / MPa","PendingPerFieldReview","PendingCatalogMapping","PendingCallSiteReview","Corresponding material parameters; checking only","No solver consumer; visible independent formula control","PendingDirectedBehaviorTest","NotRun","NotRun","Inventoried:BehaviorNotAccepted",,,
"MaterialControl.AN31",,"UnnamedMaterialDiagramControl","Config!AN31","DerivedFormula","Formula","Strain / MPa","PendingPerFieldReview","PendingCatalogMapping","PendingCallSiteReview","Corresponding material parameters; checking only","No solver consumer; visible independent formula control","PendingDirectedBehaviorTest","NotRun","NotRun","Inventoried:BehaviorNotAccepted",,,
"MaterialControl.AM32",,"UnnamedMaterialDiagramControl","Config!AM32","DerivedFormula","Formula","Strain / MPa","PendingPerFieldReview","PendingCatalogMapping","PendingCallSiteReview","Corresponding material parameters; checking only","No solver consumer; visible independent formula control","PendingDirectedBehaviorTest","NotRun","NotRun","Inventoried:BehaviorNotAccepted",,,
"MaterialControl.AN32",,"UnnamedMaterialDiagramControl","Config!AN32","DerivedFormula","Formula","Strain / MPa","PendingPerFieldReview","PendingCatalogMapping","PendingCallSiteReview","Corresponding material parameters; checking only","No solver consumer; visible independent formula control","PendingDirectedBehaviorTest","NotRun","NotRun","Inventoried:BehaviorNotAccepted",,,
"MaterialControl.AM33",,"UnnamedMaterialDiagramControl","Config!AM33","DerivedFormula","Formula","Strain / MPa","PendingPerFieldReview","PendingCatalogMapping","PendingCallSiteReview","Corresponding material parameters; checking only","No solver consumer; visible independent formula control","PendingDirectedBehaviorTest","NotRun","NotRun","Inventoried:BehaviorNotAccepted",,,
"MaterialControl.AN33",,"UnnamedMaterialDiagramControl","Config!AN33","DerivedFormula","Formula","Strain / MPa","PendingPerFieldReview","PendingCatalogMapping","PendingCallSiteReview","Corresponding material parameters; checking only","No solver consumer; visible independent formula control","PendingDirectedBehaviorTest","NotRun","NotRun","Inventoried:BehaviorNotAccepted",,,
"MaterialControl.AM34",,"UnnamedMaterialDiagramControl","Config!AM34","DerivedFormula","Formula","Strain / MPa","PendingPerFieldReview","PendingCatalogMapping","PendingCallSiteReview","Corresponding material parameters; checking only","No solver consumer; visible independent formula control","PendingDirectedBehaviorTest","NotRun","NotRun","Inventoried:BehaviorNotAccepted",,,
"MaterialControl.AN34",,"UnnamedMaterialDiagramControl","Config!AN34","DerivedFormula","Formula","Strain / MPa","PendingPerFieldReview","PendingCatalogMapping","PendingCallSiteReview","Corresponding material parameters; checking only","No solver consumer; visible independent formula control","PendingDirectedBehaviorTest","NotRun","NotRun","Inventoried:BehaviorNotAccepted",,,
"MaterialControl.AM35",,"UnnamedMaterialDiagramControl","Config!AM35","DerivedFormula","Formula","Strain / MPa","PendingPerFieldReview","PendingCatalogMapping","PendingCallSiteReview","Corresponding material parameters; checking only","No solver consumer; visible independent formula control","PendingDirectedBehaviorTest","NotRun","NotRun","Inventoried:BehaviorNotAccepted",,,
"MaterialControl.AN35",,"UnnamedMaterialDiagramControl","Config!AN35","DerivedFormula","Formula","Strain / MPa","PendingPerFieldReview","PendingCatalogMapping","PendingCallSiteReview","Corresponding material parameters; checking only","No solver consumer; visible independent formula control","PendingDirectedBehaviorTest","NotRun","NotRun","Inventoried:BehaviorNotAccepted",,,
"MaterialControl.AM36",,"UnnamedMaterialDiagramControl","Config!AM36","ReadOnlyControlValue","TextOrNumber:PendingContractReview","Strain / MPa","PendingPerFieldReview","PendingCatalogMapping","PendingCallSiteReview","Corresponding material parameters; checking only","No solver consumer; visible independent formula control","PendingDirectedBehaviorTest","NotRun","NotRun","Inventoried:BehaviorNotAccepted",,,
"MaterialControl.AN36",,"UnnamedMaterialDiagramControl","Config!AN36","ReadOnlyControlValue","TextOrNumber:PendingContractReview","Strain / MPa","PendingPerFieldReview","PendingCatalogMapping","PendingCallSiteReview","Corresponding material parameters; checking only","No solver consumer; visible independent formula control","PendingDirectedBehaviorTest","NotRun","NotRun","Inventoried:BehaviorNotAccepted",,,
"MaterialControl.AM37",,"UnnamedMaterialDiagramControl","Config!AM37","DerivedFormula","Formula","Strain / MPa","PendingPerFieldReview","PendingCatalogMapping","PendingCallSiteReview","Corresponding material parameters; checking only","No solver consumer; visible independent formula control","PendingDirectedBehaviorTest","NotRun","NotRun","Inventoried:BehaviorNotAccepted",,,
"MaterialControl.AN37",,"UnnamedMaterialDiagramControl","Config!AN37","DerivedFormula","Formula","Strain / MPa","PendingPerFieldReview","PendingCatalogMapping","PendingCallSiteReview","Corresponding material parameters; checking only","No solver consumer; visible independent formula control","PendingDirectedBehaviorTest","NotRun","NotRun","Inventoried:BehaviorNotAccepted",,,
"MaterialControl.AM38",,"UnnamedMaterialDiagramControl","Config!AM38","DerivedFormula","Formula","Strain / MPa","PendingPerFieldReview","PendingCatalogMapping","PendingCallSiteReview","Corresponding material parameters; checking only","No solver consumer; visible independent formula control","PendingDirectedBehaviorTest","NotRun","NotRun","Inventoried:BehaviorNotAccepted",,,
"MaterialControl.AN38",,"UnnamedMaterialDiagramControl","Config!AN38","DerivedFormula","Formula","Strain / MPa","PendingPerFieldReview","PendingCatalogMapping","PendingCallSiteReview","Corresponding material parameters; checking only","No solver consumer; visible independent formula control","PendingDirectedBehaviorTest","NotRun","NotRun","Inventoried:BehaviorNotAccepted",,,
"MaterialControl.AM39",,"UnnamedMaterialDiagramControl","Config!AM39","DerivedFormula","Formula","Strain / MPa","PendingPerFieldReview","PendingCatalogMapping","PendingCallSiteReview","Corresponding material parameters; checking only","No solver consumer; visible independent formula control","PendingDirectedBehaviorTest","NotRun","NotRun","Inventoried:BehaviorNotAccepted",,,
"MaterialControl.AN39",,"UnnamedMaterialDiagramControl","Config!AN39","DerivedFormula","Formula","Strain / MPa","PendingPerFieldReview","PendingCatalogMapping","PendingCallSiteReview","Corresponding material parameters; checking only","No solver consumer; visible independent formula control","PendingDirectedBehaviorTest","NotRun","NotRun","Inventoried:BehaviorNotAccepted",,,
"MaterialControl.AM40",,"UnnamedMaterialDiagramControl","Config!AM40","DerivedFormula","Formula","Strain / MPa","PendingPerFieldReview","PendingCatalogMapping","PendingCallSiteReview","Corresponding material parameters; checking only","No solver consumer; visible independent formula control","PendingDirectedBehaviorTest","NotRun","NotRun","Inventoried:BehaviorNotAccepted",,,
"MaterialControl.AN40",,"UnnamedMaterialDiagramControl","Config!AN40","DerivedFormula","Formula","Strain / MPa","PendingPerFieldReview","PendingCatalogMapping","PendingCallSiteReview","Corresponding material parameters; checking only","No solver consumer; visible independent formula control","PendingDirectedBehaviorTest","NotRun","NotRun","Inventoried:BehaviorNotAccepted",,,
"MaterialControl.AM41",,"UnnamedMaterialDiagramControl","Config!AM41","DerivedFormula","Formula","Strain / MPa","PendingPerFieldReview","PendingCatalogMapping","PendingCallSiteReview","Corresponding material parameters; checking only","No solver consumer; visible independent formula control","PendingDirectedBehaviorTest","NotRun","NotRun","Inventoried:BehaviorNotAccepted",,,
"MaterialControl.AN41",,"UnnamedMaterialDiagramControl","Config!AN41","DerivedFormula","Formula","Strain / MPa","PendingPerFieldReview","PendingCatalogMapping","PendingCallSiteReview","Corresponding material parameters; checking only","No solver consumer; visible independent formula control","PendingDirectedBehaviorTest","NotRun","NotRun","Inventoried:BehaviorNotAccepted",,,
"MaterialControl.AM42",,"UnnamedMaterialDiagramControl","Config!AM42","DerivedFormula","Formula","Strain / MPa","PendingPerFieldReview","PendingCatalogMapping","PendingCallSiteReview","Corresponding material parameters; checking only","No solver consumer; visible independent formula control","PendingDirectedBehaviorTest","NotRun","NotRun","Inventoried:BehaviorNotAccepted",,,
"MaterialControl.AN42",,"UnnamedMaterialDiagramControl","Config!AN42","DerivedFormula","Formula","Strain / MPa","PendingPerFieldReview","PendingCatalogMapping","PendingCallSiteReview","Corresponding material parameters; checking only","No solver consumer; visible independent formula control","PendingDirectedBehaviorTest","NotRun","NotRun","Inventoried:BehaviorNotAccepted",,,
"MaterialControl.AM43",,"UnnamedMaterialDiagramControl","Config!AM43","ReadOnlyControlValue","TextOrNumber:PendingContractReview","Strain / MPa","PendingPerFieldReview","PendingCatalogMapping","PendingCallSiteReview","Corresponding material parameters; checking only","No solver consumer; visible independent formula control","PendingDirectedBehaviorTest","NotRun","NotRun","Inventoried:BehaviorNotAccepted",,,
"MaterialControl.AN43",,"UnnamedMaterialDiagramControl","Config!AN43","ReadOnlyControlValue","TextOrNumber:PendingContractReview","Strain / MPa","PendingPerFieldReview","PendingCatalogMapping","PendingCallSiteReview","Corresponding material parameters; checking only","No solver consumer; visible independent formula control","PendingDirectedBehaviorTest","NotRun","NotRun","Inventoried:BehaviorNotAccepted",,,
"MaterialControl.AM44",,"UnnamedMaterialDiagramControl","Config!AM44","DerivedFormula","Formula","Strain / MPa","PendingPerFieldReview","PendingCatalogMapping","PendingCallSiteReview","Corresponding material parameters; checking only","No solver consumer; visible independent formula control","PendingDirectedBehaviorTest","NotRun","NotRun","Inventoried:BehaviorNotAccepted",,,
"MaterialControl.AN44",,"UnnamedMaterialDiagramControl","Config!AN44","DerivedFormula","Formula","Strain / MPa","PendingPerFieldReview","PendingCatalogMapping","PendingCallSiteReview","Corresponding material parameters; checking only","No solver consumer; visible independent formula control","PendingDirectedBehaviorTest","NotRun","NotRun","Inventoried:BehaviorNotAccepted",,,
"MaterialControl.AM45",,"UnnamedMaterialDiagramControl","Config!AM45","DerivedFormula","Formula","Strain / MPa","PendingPerFieldReview","PendingCatalogMapping","PendingCallSiteReview","Corresponding material parameters; checking only","No solver consumer; visible independent formula control","PendingDirectedBehaviorTest","NotRun","NotRun","Inventoried:BehaviorNotAccepted",,,
"MaterialControl.AN45",,"UnnamedMaterialDiagramControl","Config!AN45","DerivedFormula","Formula","Strain / MPa","PendingPerFieldReview","PendingCatalogMapping","PendingCallSiteReview","Corresponding material parameters; checking only","No solver consumer; visible independent formula control","PendingDirectedBehaviorTest","NotRun","NotRun","Inventoried:BehaviorNotAccepted",,,
"MaterialControl.AM46",,"UnnamedMaterialDiagramControl","Config!AM46","DerivedFormula","Formula","Strain / MPa","PendingPerFieldReview","PendingCatalogMapping","PendingCallSiteReview","Corresponding material parameters; checking only","No solver consumer; visible independent formula control","PendingDirectedBehaviorTest","NotRun","NotRun","Inventoried:BehaviorNotAccepted",,,
"MaterialControl.AN46",,"UnnamedMaterialDiagramControl","Config!AN46","DerivedFormula","Formula","Strain / MPa","PendingPerFieldReview","PendingCatalogMapping","PendingCallSiteReview","Corresponding material parameters; checking only","No solver consumer; visible independent formula control","PendingDirectedBehaviorTest","NotRun","NotRun","Inventoried:BehaviorNotAccepted",,,
"MaterialControl.AM47",,"UnnamedMaterialDiagramControl","Config!AM47","DerivedFormula","Formula","Strain / MPa","PendingPerFieldReview","PendingCatalogMapping","PendingCallSiteReview","Corresponding material parameters; checking only","No solver consumer; visible independent formula control","PendingDirectedBehaviorTest","NotRun","NotRun","Inventoried:BehaviorNotAccepted",,,
"MaterialControl.AN47",,"UnnamedMaterialDiagramControl","Config!AN47","DerivedFormula","Formula","Strain / MPa","PendingPerFieldReview","PendingCatalogMapping","PendingCallSiteReview","Corresponding material parameters; checking only","No solver consumer; visible independent formula control","PendingDirectedBehaviorTest","NotRun","NotRun","Inventoried:BehaviorNotAccepted",,,
"MaterialControl.AM48",,"UnnamedMaterialDiagramControl","Config!AM48","DerivedFormula","Formula","Strain / MPa","PendingPerFieldReview","PendingCatalogMapping","PendingCallSiteReview","Corresponding material parameters; checking only","No solver consumer; visible independent formula control","PendingDirectedBehaviorTest","NotRun","NotRun","Inventoried:BehaviorNotAccepted",,,
"MaterialControl.AN48",,"UnnamedMaterialDiagramControl","Config!AN48","DerivedFormula","Formula","Strain / MPa","PendingPerFieldReview","PendingCatalogMapping","PendingCallSiteReview","Corresponding material parameters; checking only","No solver consumer; visible independent formula control","PendingDirectedBehaviorTest","NotRun","NotRun","Inventoried:BehaviorNotAccepted",,,
"MaterialControl.AM49",,"UnnamedMaterialDiagramControl","Config!AM49","DerivedFormula","Formula","Strain / MPa","PendingPerFieldReview","PendingCatalogMapping","PendingCallSiteReview","Corresponding material parameters; checking only","No solver consumer; visible independent formula control","PendingDirectedBehaviorTest","NotRun","NotRun","Inventoried:BehaviorNotAccepted",,,
"MaterialControl.AN49",,"UnnamedMaterialDiagramControl","Config!AN49","DerivedFormula","Formula","Strain / MPa","PendingPerFieldReview","PendingCatalogMapping","PendingCallSiteReview","Corresponding material parameters; checking only","No solver consumer; visible independent formula control","PendingDirectedBehaviorTest","NotRun","NotRun","Inventoried:BehaviorNotAccepted",,,
"MaterialControl.AM50",,"UnnamedMaterialDiagramControl","Config!AM50","ReadOnlyControlValue","TextOrNumber:PendingContractReview","Strain / MPa","PendingPerFieldReview","PendingCatalogMapping","PendingCallSiteReview","Corresponding material parameters; checking only","No solver consumer; visible independent formula control","PendingDirectedBehaviorTest","NotRun","NotRun","Inventoried:BehaviorNotAccepted",,,
"MaterialControl.AN50",,"UnnamedMaterialDiagramControl","Config!AN50","ReadOnlyControlValue","TextOrNumber:PendingContractReview","Strain / MPa","PendingPerFieldReview","PendingCatalogMapping","PendingCallSiteReview","Corresponding material parameters; checking only","No solver consumer; visible independent formula control","PendingDirectedBehaviorTest","NotRun","NotRun","Inventoried:BehaviorNotAccepted",,,
"MaterialControl.AM51",,"UnnamedMaterialDiagramControl","Config!AM51","DerivedFormula","Formula","Strain / MPa","PendingPerFieldReview","PendingCatalogMapping","PendingCallSiteReview","Corresponding material parameters; checking only","No solver consumer; visible independent formula control","PendingDirectedBehaviorTest","NotRun","NotRun","Inventoried:BehaviorNotAccepted",,,
"MaterialControl.AN51",,"UnnamedMaterialDiagramControl","Config!AN51","DerivedFormula","Formula","Strain / MPa","PendingPerFieldReview","PendingCatalogMapping","PendingCallSiteReview","Corresponding material parameters; checking only","No solver consumer; visible independent formula control","PendingDirectedBehaviorTest","NotRun","NotRun","Inventoried:BehaviorNotAccepted",,,
"MaterialControl.AM52",,"UnnamedMaterialDiagramControl","Config!AM52","DerivedFormula","Formula","Strain / MPa","PendingPerFieldReview","PendingCatalogMapping","PendingCallSiteReview","Corresponding material parameters; checking only","No solver consumer; visible independent formula control","PendingDirectedBehaviorTest","NotRun","NotRun","Inventoried:BehaviorNotAccepted",,,
"MaterialControl.AN52",,"UnnamedMaterialDiagramControl","Config!AN52","DerivedFormula","Formula","Strain / MPa","PendingPerFieldReview","PendingCatalogMapping","PendingCallSiteReview","Corresponding material parameters; checking only","No solver consumer; visible independent formula control","PendingDirectedBehaviorTest","NotRun","NotRun","Inventoried:BehaviorNotAccepted",,,
"MaterialControl.AM53",,"UnnamedMaterialDiagramControl","Config!AM53","DerivedFormula","Formula","Strain / MPa","PendingPerFieldReview","PendingCatalogMapping","PendingCallSiteReview","Corresponding material parameters; checking only","No solver consumer; visible independent formula control","PendingDirectedBehaviorTest","NotRun","NotRun","Inventoried:BehaviorNotAccepted",,,
"MaterialControl.AN53",,"UnnamedMaterialDiagramControl","Config!AN53","DerivedFormula","Formula","Strain / MPa","PendingPerFieldReview","PendingCatalogMapping","PendingCallSiteReview","Corresponding material parameters; checking only","No solver consumer; visible independent formula control","PendingDirectedBehaviorTest","NotRun","NotRun","Inventoried:BehaviorNotAccepted",,,
"MaterialControl.AM54",,"UnnamedMaterialDiagramControl","Config!AM54","DerivedFormula","Formula","Strain / MPa","PendingPerFieldReview","PendingCatalogMapping","PendingCallSiteReview","Corresponding material parameters; checking only","No solver consumer; visible independent formula control","PendingDirectedBehaviorTest","NotRun","NotRun","Inventoried:BehaviorNotAccepted",,,
"MaterialControl.AN54",,"UnnamedMaterialDiagramControl","Config!AN54","DerivedFormula","Formula","Strain / MPa","PendingPerFieldReview","PendingCatalogMapping","PendingCallSiteReview","Corresponding material parameters; checking only","No solver consumer; visible independent formula control","PendingDirectedBehaviorTest","NotRun","NotRun","Inventoried:BehaviorNotAccepted",,,
